%%%%%%%%%%%%%%%%%%%%%%%%%%%%%%%%%%%%%%%%%%%%%%%%%%%%%%%%%%%%%%%%%%%%%%%%%%%
%%%%                                                                  %%%%%
%%%%    IEEE PES Power Grid Library - Optimal Power Flow - v17.07     %%%%%
%%%%          (https://github.com/power-grid-lib/pglib-opf)           %%%%%
%%%%             Benchmark Group - Small Angle Difference             %%%%%
%%%%                         27 - June - 2017                         %%%%%
%%%%                                                                  %%%%%
%%%%%%%%%%%%%%%%%%%%%%%%%%%%%%%%%%%%%%%%%%%%%%%%%%%%%%%%%%%%%%%%%%%%%%%%%%%
function mpc = pglib_opf_case200_pserc__sad
mpc.version = '2';
mpc.baseMVA = 100.0;

%% bus data
%	bus_i	type	Pd	Qd	Gs	Bs	area	Vm	Va	baseKV	zone	Vmax	Vmin
mpc.bus = [
	1	 1	 0.0	 0.0	 0.0	 0.0	 1	    1.06460	   -8.02768	 115.0	 1	    1.10000	    0.90000;
	2	 1	 10.95	 3.12	 0.0	 0.0	 1	    1.06444	   -8.04511	 115.0	 1	    1.10000	    0.90000;
	3	 1	 0.0	 0.0	 0.0	 0.0	 1	    1.07526	   -9.48036	 115.0	 1	    1.10000	    0.90000;
	4	 1	 2.72	 0.77	 0.0	 0.0	 1	    1.07522	   -9.48459	 115.0	 1	    1.10000	    0.90000;
	5	 1	 0.0	 0.0	 0.0	 0.0	 1	    1.08830	   -7.36902	 115.0	 1	    1.10000	    0.90000;
	6	 1	 12.5	 3.56	 0.0	 0.0	 1	    1.08811	   -7.38801	 115.0	 1	    1.10000	    0.90000;
	7	 1	 0.0	 0.0	 0.0	 0.0	 1	    1.05596	   -9.02277	 115.0	 1	    1.10000	    0.90000;
	8	 1	 35.2	 10.03	 0.0	 0.0	 1	    1.05544	   -9.07721	 115.0	 1	    1.10000	    0.90000;
	9	 1	 0.0	 0.0	 0.0	 0.0	 1	    1.05998	   -8.53145	 115.0	 1	    1.10000	    0.90000;
	10	 1	 63.29	 18.04	 0.0	 0.0	 1	    1.05895	   -8.65422	 115.0	 1	    1.10000	    0.90000;
	11	 1	 0.0	 0.0	 0.0	 0.0	 1	    1.09886	   -6.74198	 115.0	 1	    1.10000	    0.90000;
	12	 1	 0.49	 0.14	 0.0	 0.0	 1	    1.09886	   -6.74277	 115.0	 1	    1.10000	    0.90000;
	13	 1	 4.04	 1.15	 0.0	 0.0	 1	    1.09880	   -6.74856	 115.0	 1	    1.10000	    0.90000;
	14	 1	 0.0	 0.0	 0.0	 0.0	 1	    1.09706	   -6.05509	 230.0	 1	    1.10000	    0.90000;
	15	 1	 0.0	 0.0	 0.0	 30.0	 1	    1.10000	   -6.92647	 115.0	 1	    1.10000	    0.90000;
	16	 1	 71.7	 20.44	 0.0	 0.0	 1	    1.09904	   -7.02985	 115.0	 1	    1.10000	    0.90000;
	17	 1	 0.0	 0.0	 0.0	 0.0	 1	    1.06832	   -9.85778	 115.0	 1	    1.10000	    0.90000;
	18	 1	 1.14	 0.33	 0.0	 0.0	 1	    1.06830	   -9.85995	 115.0	 1	    1.10000	    0.90000;
	19	 1	 1.23	 0.35	 0.0	 0.0	 1	    1.06830	   -9.85959	 115.0	 1	    1.10000	    0.90000;
	20	 1	 1.81	 0.52	 0.0	 0.0	 1	    1.06829	   -9.86065	 115.0	 1	    1.10000	    0.90000;
	21	 1	 7.38	 2.1	 0.0	 0.0	 1	    1.06820	   -9.87173	 115.0	 1	    1.10000	    0.90000;
	22	 1	 0.0	 0.0	 0.0	 0.0	 1	    1.09796	   -6.62099	 115.0	 1	    1.10000	    0.90000;
	23	 1	 2.26	 0.64	 0.0	 0.0	 1	    1.09793	   -6.62427	 115.0	 1	    1.10000	    0.90000;
	24	 1	 3.84	 1.09	 0.0	 0.0	 1	    1.09791	   -6.62624	 115.0	 1	    1.10000	    0.90000;
	25	 1	 0.0	 0.0	 0.0	 0.0	 1	    1.09195	   -7.73583	 115.0	 1	    1.10000	    0.90000;
	26	 1	 2.13	 0.61	 0.0	 0.0	 1	    1.09192	   -7.73880	 115.0	 1	    1.10000	    0.90000;
	27	 1	 0.0	 0.0	 0.0	 0.0	 1	    1.09881	   -6.70752	 115.0	 1	    1.10000	    0.90000;
	28	 1	 3.74	 1.07	 0.0	 0.0	 1	    1.09875	   -6.71426	 115.0	 1	    1.10000	    0.90000;
	29	 1	 0.0	 0.0	 0.0	 0.0	 1	    1.06419	   -7.89729	 115.0	 1	    1.10000	    0.90000;
	30	 1	 87.62	 24.97	 0.0	 0.0	 1	    1.06288	   -8.02748	 115.0	 1	    1.10000	    0.90000;
	31	 1	 0.0	 0.0	 0.0	 0.0	 1	    1.06713	   -8.60251	 115.0	 1	    1.10000	    0.90000;
	32	 1	 0.7	 0.2	 0.0	 0.0	 1	    1.06712	   -8.60381	 115.0	 1	    1.10000	    0.90000;
	33	 1	 8.82	 2.51	 0.0	 0.0	 1	    1.06700	   -8.61800	 115.0	 1	    1.10000	    0.90000;
	34	 1	 0.0	 0.0	 0.0	 0.0	 1	    1.08157	   -8.04321	 115.0	 1	    1.10000	    0.90000;
	35	 1	 33.26	 9.48	 0.0	 0.0	 1	    1.08107	   -8.10042	 115.0	 1	    1.10000	    0.90000;
	36	 1	 0.0	 0.0	 0.0	 0.0	 1	    1.07432	   -8.91177	 115.0	 1	    1.10000	    0.90000;
	37	 1	 4.89	 1.39	 0.0	 0.0	 1	    1.07425	   -8.91947	 115.0	 1	    1.10000	    0.90000;
	38	 1	 40.81	 11.63	 0.0	 0.0	 1	    1.07369	   -8.97907	 115.0	 1	    1.10000	    0.90000;
	39	 1	 11.86	 3.38	 0.0	 0.0	 1	    1.06589	  -11.23449	 115.0	 1	    1.10000	    0.90000;
	40	 1	 3.28	 0.93	 0.0	 0.0	 1	    1.06585	  -11.23939	 115.0	 1	    1.10000	    0.90000;
	41	 1	 61.87	 17.63	 0.0	 0.0	 1	    1.08661	  -10.76043	 115.0	 1	    1.10000	    0.90000;
	42	 1	 17.01	 4.85	 0.0	 0.0	 1	    1.07394	  -11.25518	 115.0	 1	    1.10000	    0.90000;
	43	 1	 3.09	 0.88	 0.0	 0.0	 1	    1.06143	   -8.53657	 115.0	 1	    1.10000	    0.90000;
	44	 1	 6.65	 1.89	 0.0	 0.0	 1	    1.07153	  -10.84811	 115.0	 1	    1.10000	    0.90000;
	45	 1	 0.0	 0.0	 0.0	 0.0	 1	    1.09185	   -3.43573	 230.0	 1	    1.10000	    0.90000;
	46	 1	 8.68	 2.47	 0.0	 0.0	 1	    1.08994	   -4.32783	 115.0	 1	    1.10000	    0.90000;
	47	 1	 2.47	 0.71	 0.0	 0.0	 1	    1.09393	   -6.12144	 115.0	 1	    1.10000	    0.90000;
	48	 1	 2.87	 0.82	 0.0	 0.0	 1	    1.08584	   -7.72746	 115.0	 1	    1.10000	    0.90000;
	49	 2	 0.0	 0.0	 0.0	 0.0	 1	    1.09698	   -6.59568	 13.8	 1	    1.10000	    0.90000;
	50	 2	 0.0	 0.0	 0.0	 0.0	 1	    1.09441	   -6.86678	 13.8	 1	    1.10000	    0.90000;
	51	 2	 0.0	 0.0	 0.0	 0.0	 1	    1.09845	   -6.42156	 13.8	 1	    1.10000	    0.90000;
	52	 2	 0.0	 0.0	 0.0	 0.0	 1	    1.09396	   -6.91963	 13.8	 1	    1.10000	    0.90000;
	53	 2	 0.0	 0.0	 0.0	 0.0	 1	    1.10000	   -5.24429	 13.8	 1	    1.10000	    0.90000;
	54	 1	 4.27	 1.22	 0.0	 0.0	 1	    1.09055	   -6.62452	 115.0	 1	    1.10000	    0.90000;
	55	 1	 0.0	 0.0	 0.0	 0.0	 1	    1.08935	   -3.98229	 230.0	 1	    1.10000	    0.90000;
	56	 1	 1.79	 0.51	 0.0	 0.0	 1	    1.08812	   -4.41104	 115.0	 1	    1.10000	    0.90000;
	57	 1	 4.52	 1.29	 0.0	 0.0	 1	    1.07141	  -10.39103	 115.0	 1	    1.10000	    0.90000;
	58	 1	 5.79	 1.65	 0.0	 0.0	 1	    1.08171	   -8.62320	 115.0	 1	    1.10000	    0.90000;
	59	 1	 7.02	 2.0	 0.0	 0.0	 1	    1.05975	   -9.71993	 115.0	 1	    1.10000	    0.90000;
	60	 1	 5.63	 1.6	 0.0	 0.0	 1	    1.07813	   -7.08425	 115.0	 1	    1.10000	    0.90000;
	61	 1	 28.14	 8.02	 0.0	 0.0	 1	    1.08638	   -4.71880	 115.0	 1	    1.10000	    0.90000;
	62	 1	 34.29	 9.77	 0.0	 0.0	 1	    1.06843	  -11.64527	 115.0	 1	    1.10000	    0.90000;
	63	 1	 12.79	 3.64	 0.0	 0.0	 1	    1.09346	   -7.49264	 115.0	 1	    1.10000	    0.90000;
	64	 1	 0.0	 0.0	 0.0	 0.0	 1	    1.09375	   -6.59994	 115.0	 1	    1.10000	    0.90000;
	65	 2	 0.0	 0.0	 0.0	 0.0	 1	    1.10000	   -3.00905	 13.8	 1	    1.10000	    0.90000;
	66	 1	 0.0	 0.0	 0.0	 0.0	 1	    1.09767	   -5.54615	 115.0	 1	    1.10000	    0.90000;
	67	 2	 0.0	 0.0	 0.0	 0.0	 1	    1.10000	   -5.23420	 13.8	 1	    1.10000	    0.90000;
	68	 2	 0.0	 0.0	 0.0	 0.0	 1	    1.10000	   -2.03667	 13.8	 1	    1.10000	    0.90000;
	69	 2	 0.0	 0.0	 0.0	 0.0	 1	    1.10000	   -4.29113	 13.8	 1	    1.10000	    0.90000;
	70	 2	 0.0	 0.0	 0.0	 0.0	 1	    1.10000	   -2.90592	 13.8	 1	    1.10000	    0.90000;
	71	 2	 0.0	 0.0	 0.0	 0.0	 1	    1.10000	   -4.46941	 13.8	 1	    1.10000	    0.90000;
	72	 2	 0.0	 0.0	 0.0	 0.0	 1	    1.10000	   -4.56170	 13.8	 1	    1.10000	    0.90000;
	73	 2	 0.0	 0.0	 0.0	 0.0	 1	    1.10000	   -3.60883	 13.8	 1	    1.10000	    0.90000;
	74	 1	 29.51	 8.41	 0.0	 0.0	 1	    1.07601	   -8.78740	 115.0	 1	    1.10000	    0.90000;
	75	 1	 5.34	 1.52	 0.0	 0.0	 1	    1.07891	   -6.62256	 115.0	 1	    1.10000	    0.90000;
	76	 2	 0.0	 0.0	 0.0	 0.0	 1	    1.09393	   -6.20375	 13.8	 1	    1.10000	    0.90000;
	77	 2	 0.0	 0.0	 0.0	 0.0	 1	    1.10000	   -5.90066	 13.8	 1	    1.10000	    0.90000;
	78	 2	 0.0	 0.0	 0.0	 0.0	 1	    1.07891	   -6.62256	 13.8	 1	    1.10000	    0.90000;
	79	 2	 0.0	 0.0	 0.0	 0.0	 1	    1.07891	   -6.62256	 13.8	 1	    1.10000	    0.90000;
	80	 1	 2.38	 0.68	 0.0	 0.0	 1	    1.08837	   -9.70897	 115.0	 1	    1.10000	    0.90000;
