%%%%%%%%%%%%%%%%%%%%%%%%%%%%%%%%%%%%%%%%%%%%%%%%%%%%%%%%%%%%%%%%%%%%%%%%%%%
%%%%                                                                  %%%%%
%%%%    IEEE PES Power Grid Library - Optimal Power Flow - v21.07     %%%%%
%%%%          (https://github.com/power-grid-lib/pglib-opf)           %%%%%
%%%%             Benchmark Group - Small Angle Difference             %%%%%
%%%%                         29 - July - 2021                         %%%%%
%%%%                                                                  %%%%%
%%%%%%%%%%%%%%%%%%%%%%%%%%%%%%%%%%%%%%%%%%%%%%%%%%%%%%%%%%%%%%%%%%%%%%%%%%%
function mpc = pglib_opf_case57_ieee__sad
mpc.version = '2';
mpc.baseMVA = 100.0;

%% bus data
%	bus_i	type	Pd	Qd	Gs	Bs	area	Vm	Va	baseKV	zone	Vmax	Vmin
mpc.bus = [
	1	 3	 55.0	 17.0	 0.0	 0.0	 1	    1.00000	    0.00000	 1.0	 1	    1.06000	    0.94000;
	2	 2	 3.0	 88.0	 0.0	 0.0	 1	    1.00000	    0.00000	 1.0	 1	    1.06000	    0.94000;
	3	 2	 41.0	 21.0	 0.0	 0.0	 1	    1.00000	    0.00000	 1.0	 1	    1.06000	    0.94000;
	4	 1	 0.0	 0.0	 0.0	 0.0	 1	    1.00000	    0.00000	 1.0	 1	    1.06000	    0.94000;
	5	 1	 13.0	 4.0	 0.0	 0.0	 1	    1.00000	    0.00000	 1.0	 1	    1.06000	    0.94000;
	6	 2	 75.0	 2.0	 0.0	 0.0	 1	    1.00000	    0.00000	 1.0	 1	    1.06000	    0.94000;
	7	 1	 0.0	 0.0	 0.0	 0.0	 1	    1.00000	    0.00000	 1.0	 1	    1.06000	    0.94000;
	8	 2	 150.0	 22.0	 0.0	 0.0	 1	    1.00000	    0.00000	 1.0	 1	    1.06000	    0.94000;
	9	 2	 121.0	 26.0	 0.0	 0.0	 1	    1.00000	    0.00000	 1.0	 1	    1.06000	    0.94000;
	10	 1	 5.0	 2.0	 0.0	 0.0	 1	    1.00000	    0.00000	 1.0	 1	    1.06000	    0.94000;
	11	 1	 0.0	 0.0	 0.0	 0.0	 1	    1.00000	    0.00000	 1.0	 1	    1.06000	    0.94000;
	12	 2	 377.0	 24.0	 0.0	 0.0	 1	    1.00000	    0.00000	 1.0	 1	    1.06000	    0.94000;
	13	 1	 18.0	 2.3	 0.0	 0.0	 1	    1.00000	    0.00000	 1.0	 1	    1.06000	    0.94000;
	14	 1	 10.5	 5.3	 0.0	 0.0	 1	    1.00000	    0.00000	 1.0	 1	    1.06000	    0.94000;
	15	 1	 22.0	 5.0	 0.0	 0.0	 1	    1.00000	    0.00000	 1.0	 1	    1.06000	    0.94000;
	16	 1	 43.0	 3.0	 0.0	 0.0	 1	    1.00000	    0.00000	 1.0	 1	    1.06000	    0.94000;
	17	 1	 42.0	 8.0	 0.0	 0.0	 1	    1.00000	    0.00000	 1.0	 1	    1.06000	    0.94000;
	18	 1	 27.2	 9.8	 0.0	 10.0	 1	    1.00000	    0.00000	 1.0	 1	    1.06000	    0.94000;
	19	 1	 3.3	 0.6	 0.0	 0.0	 1	    1.00000	    0.00000	 1.0	 1	    1.06000	    0.94000;
	20	 1	 2.3	 1.0	 0.0	 0.0	 1	    1.00000	    0.00000	 1.0	 1	    1.06000	    0.94000;
	21	 1	 0.0	 0.0	 0.0	 0.0	 1	    1.00000	    0.00000	 1.0	 1	    1.06000	    0.94000;
	22	 1	 0.0	 0.0	 0.0	 0.0	 1	    1.00000	    0.00000	 1.0	 1	    1.06000	    0.94000;
	23	 1	 6.3	 2.1	 0.0	 0.0	 1	    1.00000	    0.00000	 1.0	 1	    1.06000	    0.94000;
	24	 1	 0.0	 0.0	 0.0	 0.0	 1	    1.00000	    0.00000	 1.0	 1	    1.06000	    0.94000;
	25	 1	 6.3	 3.2	 0.0	 5.9	 1	    1.00000	    0.00000	 1.0	 1	    1.06000	    0.94000;
	26	 1	 0.0	 0.0	 0.0	 0.0	 1	    1.00000	    0.00000	 1.0	 1	    1.06000	    0.94000;
	27	 1	 9.3	 0.5	 0.0	 0.0	 1	    1.00000	    0.00000	 1.0	 1	    1.06000	    0.94000;
	28	 1	 4.6	 2.3	 0.0	 0.0	 1	    1.00000	    0.00000	 1.0	 1	    1.06000	    0.94000;
	29	 1	 17.0	 2.6	 0.0	 0.0	 1	    1.00000	    0.00000	 1.0	 1	    1.06000	    0.94000;
	30	 1	 3.6	 1.8	 0.0	 0.0	 1	    1.00000	    0.00000	 1.0	 1	    1.06000	    0.94000;
	31	 1	 5.8	 2.9	 0.0	 0.0	 1	    1.00000	    0.00000	 1.0	 1	    1.06000	    0.94000;
	32	 1	 1.6	 0.8	 0.0	 0.0	 1	    1.00000	    0.00000	 1.0	 1	    1.06000	    0.94000;
	33	 1	 3.8	 1.9	 0.0	 0.0	 1	    1.00000	    0.00000	 1.0	 1	    1.06000	    0.94000;
	34	 1	 0.0	 0.0	 0.0	 0.0	 1	    1.00000	    0.00000	 1.0	 1	    1.06000	    0.94000;
	35	 1	 6.0	 3.0	 0.0	 0.0	 1	    1.00000	    0.00000	 1.0	 1	    1.06000	    0.94000;
	36	 1	 0.0	 0.0	 0.0	 0.0	 1	    1.00000	    0.00000	 1.0	 1	    1.06000	    0.94000;
	37	 1	 0.0	 0.0	 0.0	 0.0	 1	    1.00000	    0.00000	 1.0	 1	    1.06000	    0.94000;
	38	 1	 14.0	 7.0	 0.0	 0.0	 1	    1.00000	    0.00000	 1.0	 1	    1.06000	    0.94000;
	39	 1	 0.0	 0.0	 0.0	 0.0	 1	    1.00000	    0.00000	 1.0	 1	    1.06000	    0.94000;
	40	 1	 0.0	 0.0	 0.0	 0.0	 1	    1.00000	    0.00000	 1.0	 1	    1.06000	    0.94000;
	41	 1	 6.3	 3.0	 0.0	 0.0	 1	    1.00000	    0.00000	 1.0	 1	    1.06000	    0.94000;
	42	 1	 7.1	 4.4	 0.0	 0.0	 1	    1.00000	    0.00000	 1.0	 1	    1.06000	    0.94000;
	43	 1	 2.0	 1.0	 0.0	 0.0	 1	    1.00000	    0.00000	 1.0	 1	    1.06000	    0.94000;
	44	 1	 12.0	 1.8	 0.0	 0.0	 1	    1.00000	    0.00000	 1.0	 1	    1.06000	    0.94000;
	45	 1	 0.0	 0.0	 0.0	 0.0	 1	    1.00000	    0.00000	 1.0	 1	    1.06000	    0.94000;
	46	 1	 0.0	 0.0	 0.0	 0.0	 1	    1.00000	    0.00000	 1.0	 1	    1.06000	    0.94000;
	47	 1	 29.7	 11.6	 0.0	 0.0	 1	    1.00000	    0.00000	 1.0	 1	    1.06000	    0.94000;
	48	 1	 0.0	 0.0	 0.0	 0.0	 1	    1.00000	    0.00000	 1.0	 1	    1.06000	    0.94000;
	49	 1	 18.0	 8.5	 0.0	 0.0	 1	    1.00000	    0.00000	 1.0	 1	    1.06000	    0.94000;
	50	 1	 21.0	 10.5	 0.0	 0.0	 1	    1.00000	    0.00000	 1.0	 1	    1.06000	    0.94000;
	51	 1	 18.0	 5.3	 0.0	 0.0	 1	    1.00000	    0.00000	 1.0	 1	    1.06000	    0.94000;
	52	 1	 4.9	 2.2	 0.0	 0.0	 1	    1.00000	    0.00000	 1.0	 1	    1.06000	    0.94000;
	53	 1	 20.0	 10.0	 0.0	 6.3	 1	    1.00000	    0.00000	 1.0	 1	    1.06000	    0.94000;
	54	 1	 4.1	 1.4	 0.0	 0.0	 1	    1.00000	    0.00000	 1.0	 1	    1.06000	    0.94000;
	55	 1	 6.8	 3.4	 0.0	 0.0	 1	    1.00000	    0.00000	 1.0	 1	    1.06000	    0.94000;
	56	 1	 7.6	 2.2	 0.0	 0.0	 1	    1.00000	    0.00000	 1.0	 1	    1.06000	    0.94000;
	57	 1	 6.7	 2.0	 0.0	 0.0	 1	    1.00000	    0.00000	 1.0	 1	    1.06000	    0.94000;
];

%% generator data
%	bus	Pg	Qg	Qmax	Qmin	Vg	mBase	status	Pmax	Pmin
mpc.gen = [
	1	 122.5	 0.0	 123.0	 -123.0	 1.0	 100.0	 1	 245.0	 0.0;
	2	 0.0	 16.5	 50.0	 -17.0	 1.0	 100.0	 1	 0.0	 0.0;
	3	 30.0	 10.0	 30.0	 -10.0	 1.0	 100.0	 1	 60.0	 0.0;
	6	 0.0	 8.5	 25.0	 -8.0	 1.0	 100.0	 1	 0.0	 0.0;
	8	 579.5	 30.0	 200.0	 -140.0	 1.0	 100.0	 1	 1159.0	 0.0;
	9	 0.0	 3.0	 9.0	 -3.0	 1.0	 100.0	 1	 0.0	 0.0;
	12	 259.5	 2.5	 155.0	 -150.0	 1.0	 100.0	 1	 519.0	 0.0;
];

%% generator cost data
%	2	startup	shutdown	n	c(n-1)	...	c0
mpc.gencost = [
	2	 0.0	 0.0	 3	   0.000000	  16.960624	   0.000000;
	2	 0.0	 0.0	 3	   0.000000	   0.000000	   0.000000;
	2	 0.0	 0.0	 3	   0.000000	  34.075557	   0.000000;
	2	 0.0	 0.0	 3	   0.000000	   0.000000	   0.000000;
	2	 0.0	 0.0	 3	   0.000000	  30.441037	   0.000000;
	2	 0.0	 0.0	 3	   0.000000	   0.000000	   0.000000;
	2	 0.0	 0.0	 3	   0.000000	  37.188979	   0.000000;
];

%% branch data
%	fbus	tbus	r	x	b	rateA	rateB	rateC	ratio	angle	status	angmin	angmax
