%%%%%%%%%%%%%%%%%%%%%%%%%%%%%%%%%%%%%%%%%%%%%%%%%%%%%%%%%%%%%%%%%%%%%%%%%%%
%%%%                                                                  %%%%%
%%%%    IEEE PES Power Grid Library - Optimal Power Flow - v17.07     %%%%%
%%%%          (https://github.com/power-grid-lib/pglib-opf)           %%%%%
%%%%             Benchmark Group - Small Angle Difference             %%%%%
%%%%                         27 - June - 2017                         %%%%%
%%%%                                                                  %%%%%
%%%%%%%%%%%%%%%%%%%%%%%%%%%%%%%%%%%%%%%%%%%%%%%%%%%%%%%%%%%%%%%%%%%%%%%%%%%
function mpc = pglib_opf_case14_ieee__sad
mpc.version = '2';
mpc.baseMVA = 100.0;

%% bus data
%	bus_i	type	Pd	Qd	Gs	Bs	area	Vm	Va	baseKV	zone	Vmax	Vmin
mpc.bus = [
	1	 3	 0.0	 0.0	 0.0	 0.0	 1	    1.06000	    0.00000	 0.0	 1	    1.06000	    0.94000;
	2	 2	 21.7	 12.7	 0.0	 0.0	 1	    1.03466	   -4.87658	 0.0	 1	    1.06000	    0.94000;
	3	 2	 94.2	 19.0	 0.0	 0.0	 1	    1.00878	  -12.95501	 0.0	 1	    1.06000	    0.94000;
	4	 1	 47.8	 -3.9	 0.0	 0.0	 1	    0.99967	  -10.22746	 0.0	 1	    1.06000	    0.94000;
	5	 1	 7.6	 1.6	 0.0	 0.0	 1	    1.00092	   -8.60901	 0.0	 1	    1.06000	    0.94000;
	6	 2	 11.2	 7.5	 0.0	 0.0	 1	    1.01560	  -14.28121	 0.0	 1	    1.06000	    0.94000;
	7	 1	 0.0	 0.0	 0.0	 0.0	 1	    1.02729	  -13.52789	 0.0	 1	    1.06000	    0.94000;
	8	 2	 0.0	 0.0	 0.0	 0.0	 1	    1.04911	  -13.52789	 0.0	 1	    1.06000	    0.94000;
	9	 1	 29.5	 16.6	 0.0	 19.0	 1	    1.01773	  -15.27098	 0.0	 1	    1.06000	    0.94000;
	10	 1	 9.0	 5.8	 0.0	 0.0	 1	    1.00962	  -15.41711	 0.0	 1	    1.06000	    0.94000;
	11	 1	 3.5	 1.8	 0.0	 0.0	 1	    1.00899	  -15.00663	 0.0	 1	    1.06000	    0.94000;
	12	 1	 6.1	 1.6	 0.0	 0.0	 1	    1.00123	  -15.23146	 0.0	 1	    1.06000	    0.94000;
	13	 1	 13.5	 5.8	 0.0	 0.0	 1	    0.99737	  -15.35086	 0.0	 1	    1.06000	    0.94000;
	14	 1	 14.9	 5.0	 0.0	 0.0	 1	    0.99003	  -16.40178	 0.0	 1	    1.06000	    0.94000;
];

%% generator data
%	bus	Pg	Qg	Qmax	Qmin	Vg	mBase	status	Pmax	Pmin	Pc1	Pc2	Qc1min	Qc1max	Qc2min	Qc2max	ramp_agc	ramp_10	ramp_30	ramp_q	apf
mpc.gen = [
	1	 232.624	 10.0	 10.0	 0.0	 1.06	 100.0	 1	 340.0	 0.0	 0.0	 0.0	 0.0	 0.0	 0.0	 0.0	 0.0	 0.0	 0.0	 0.0	 0.0;
	2	 40.168	 30.0	 30.0	 -30.0	 1.03466	 100.0	 1	 59.0	 0.0	 0.0	 0.0	 0.0	 0.0	 0.0	 0.0	 0.0	 0.0	 0.0	 0.0	 0.0;
	3	 0.0	 40.0	 40.0	 0.0	 1.00878	 100.0	 1	 0.0	 0.0	 0.0	 0.0	 0.0	 0.0	 0.0	 0.0	 0.0	 0.0	 0.0	 0.0	 0.0;
	6	 0.0	 -6.0	 24.0	 -6.0	 1.0156	 100.0	 1	 0.0	 0.0	 0.0	 0.0	 0.0	 0.0	 0.0	 0.0	 0.0	 0.0	 0.0	 0.0	 0.0;
	8	 0.0	 12.995	 24.0	 -6.0	 1.04911	 100.0	 1	 0.0	 0.0	 0.0	 0.0	 0.0	 0.0	 0.0	 0.0	 0.0	 0.0	 0.0	 0.0	 0.0;
];

%% generator cost data
%	2	startup	shutdown	n	c(n-1)	...	c0
mpc.gencost = [
	2	 0.0	 0.0	 3	   0.000000	   0.579201	   0.000000;
	2	 0.0	 0.0	 3	   0.000000	   0.859587	   0.000000;
	2	 0.0	 0.0	 3	   0.000000	   0.000000	   0.000000;
	2	 0.0	 0.0	 3	   0.000000	   0.000000	   0.000000;
	2	 0.0	 0.0	 3	   0.000000	   0.000000	   0.000000;
];

%% branch data
%	fbus	tbus	r	x	b	rateA	rateB	rateC	ratio	angle	status	angmin	angmax
mpc.branch = [
	1	 2	 0.01938	 0.05917	 0.0528	 472.0	 472.0	 472.0	 0.0	 0.0	 1	 -8.609013	 8.609013;
	1	 5	 0.05403	 0.22304	 0.0492	 128.0	 128.0	 128.0	 0.0	 0.0	 1	 -8.609013	 8.609013;
	2	 3	 0.04699	 0.19797	 0.0438	 145.0	 145.0	 145.0	 0.0	 0.0	 1	 -8.609013	 8.609013;
	2	 4	 0.05811	 0.17632	 0.034	 158.0	 158.0	 158.0	 0.0	 0.0	 1	 -8.609013	 8.609013;
	2	 5	 0.05695	 0.17388	 0.0346	 161.0	 161.0	 161.0	 0.0	 0.0	 1	 -8.609013	 8.609013;
	3	 4	 0.06701	 0.17103	 0.0128	 160.0	 160.0	 160.0	 0.0	 0.0	 1	 -8.609013	 8.609013;
	4	 5	 0.01335	 0.04211	 0.0	 664.0	 664.0	 664.0	 0.0	 0.0	 1	 -8.609013	 8.609013;
	4	 7	 0.0	 0.20912	 0.0	 141.0	 141.0	 141.0	 0.978	 0.0	 1	 -8.609013	 8.609013;
	4	 9	 0.0	 0.55618	 0.0	 53.0	 53.0	 53.0	 0.969	 0.0	 1	 -8.609013	 8.609013;
	5	 6	 0.0	 0.25202	 0.0	 117.0	 117.0	 117.0	 0.932	 0.0	 1	 -8.609013	 8.609013;
	6	 11	 0.09498	 0.1989	 0.0	 134.0	 134.0	 134.0	 0.0	 0.0	 1	 -8.609013	 8.609013;
	6	 12	 0.12291	 0.25581	 0.0	 104.0	 104.0	 104.0	 0.0	 0.0	 1	 -8.609013	 8.609013;
	6	 13	 0.06615	 0.13027	 0.0	 201.0	 201.0	 201.0	 0.0	 0.0	 1	 -8.609013	 8.609013;
	7	 8	 0.0	 0.17615	 0.0	 167.0	 167.0	 167.0	 0.0	 0.0	 1	 -8.609013	 8.609013;
	7	 9	 0.0	 0.11001	 0.0	 267.0	 267.0	 267.0	 0.0	 0.0	 1	 -8.609013	 8.609013;
	9	 10	 0.03181	 0.0845	 0.0	 325.0	 325.0	 325.0	 0.0	 0.0	 1	 -8.609013	 8.609013;
	9	 14	 0.12711	 0.27038	 0.0	 99.0	 99.0	 99.0	 0.0	 0.0	 1	 -8.609013	 8.609013;
	10	 11	 0.08205	 0.19207	 0.0	 141.0	 141.0	 141.0	 0.0	 0.0	 1	 -8.609013	 8.609013;
	12	 13	 0.22092	 0.19988	 0.0	 99.0	 99.0	 99.0	 0.0	 0.0	 1	 -8.609013	 8.609013;
	13	 14	 0.17093	 0.34802	 0.0	 76.0	 76.0	 76.0	 0.0	 0.0	 1	 -8.609013	 8.609013;
];

% INFO    : === Translation Options ===
% INFO    : Phase Angle Bound:           8.609013 (deg.)
% INFO    : AC OPF Solution File:        ./pglib_opf_case14_ieee__sad.m.opf.sol
% INFO    : 
% INFO    : === Voltage Setpoint Replacement Notes ===
% INFO    : Bus 1	: V=1.06, theta=0.0 -> V=1.06, theta=0.0
% INFO    : Bus 2	: V=1.03247, theta=-6.00673 -> V=1.03466, theta=-4.87658
% INFO    : Bus 3	: V=1.00666, theta=-13.91534 -> V=1.00878, theta=-12.95501
% INFO    : Bus 4	: V=1.00706, theta=-11.2237 -> V=0.99967, theta=-10.22746
% INFO    : Bus 5	: V=1.00974, theta=-9.59832 -> V=1.00092, theta=-8.60901
% INFO    : Bus 6	: V=1.06, theta=-15.23484 -> V=1.0156, theta=-14.28121
% INFO    : Bus 7	: V=1.04244, theta=-14.30976 -> V=1.02729, theta=-13.52789
% INFO    : Bus 8	: V=1.06, theta=-14.30976 -> V=1.04911, theta=-13.52789
% INFO    : Bus 9	: V=1.03935, theta=-15.91758 -> V=1.01773, theta=-15.27098
% INFO    : Bus 10	: V=1.03545, theta=-16.08695 -> V=1.00962, theta=-15.41711
% INFO    : Bus 11	: V=1.04404, theta=-15.79104 -> V=1.00899, theta=-15.00663
% INFO    : Bus 12	: V=1.04456, theta=-16.10749 -> V=1.00123, theta=-15.23146
% INFO    : Bus 13	: V=1.03923, theta=-16.18058 -> V=0.99737, theta=-15.35086
% INFO    : Bus 14	: V=1.02106, theta=-17.05946 -> V=0.99003, theta=-16.40178
% INFO    : 
% INFO    : === Generator Setpoint Replacement Notes ===
% INFO    : Gen at bus 1	: Pg=274.977, Qg=1.332 -> Pg=232.624, Qg=10.0
% INFO    : Gen at bus 1	: Vg=1.06 -> Vg=1.06
% INFO    : Gen at bus 2	: Pg=0.0, Qg=30.0 -> Pg=40.168, Qg=30.0
% INFO    : Gen at bus 2	: Vg=1.03247 -> Vg=1.03466
% INFO    : Gen at bus 3	: Pg=0.0, Qg=34.483 -> Pg=0.0, Qg=40.0
% INFO    : Gen at bus 3	: Vg=1.00666 -> Vg=1.00878
% INFO    : Gen at bus 6	: Pg=0.0, Qg=15.267 -> Pg=0.0, Qg=-6.0
% INFO    : Gen at bus 6	: Vg=1.06 -> Vg=1.0156
% INFO    : Gen at bus 8	: Pg=0.0, Qg=10.57 -> Pg=0.0, Qg=12.995
% INFO    : Gen at bus 8	: Vg=1.06 -> Vg=1.04911
% INFO    : 
% INFO    : === Writing Matpower Case File Notes ===
