%%%%%%%%%%%%%%%%%%%%%%%%%%%%%%%%%%%%%%%%%%%%%%%%%%%%%%%%%%%%%%%%%%%%%%%%%%%
%%%%                                                                  %%%%%
%%%%    IEEE PES Power Grid Library - Optimal Power Flow - v17.07     %%%%%
%%%%          (https://github.com/power-grid-lib/pglib-opf)           %%%%%
%%%%             Benchmark Group - Small Angle Difference             %%%%%
%%%%                         27 - June - 2017                         %%%%%
%%%%                                                                  %%%%%
%%%%%%%%%%%%%%%%%%%%%%%%%%%%%%%%%%%%%%%%%%%%%%%%%%%%%%%%%%%%%%%%%%%%%%%%%%%
function mpc = pglib_opf_case39_epri__sad
mpc.version = '2';
mpc.baseMVA = 100.0;

%% bus data
%	bus_i	type	Pd	Qd	Gs	Bs	area	Vm	Va	baseKV	zone	Vmax	Vmin
mpc.bus = [
	1	 1	 97.6	 44.2	 0.0	 0.0	 2	    1.02064	   -6.26920	 345.0	 1	    1.06000	    0.94000;
	2	 1	 0.0	 0.0	 0.0	 0.0	 2	    1.06000	   -2.84605	 345.0	 1	    1.06000	    0.94000;
	3	 1	 322.0	 2.4	 0.0	 0.0	 2	    1.04714	   -6.68412	 345.0	 1	    1.06000	    0.94000;
	4	 1	 500.0	 184.0	 0.0	 0.0	 1	    1.03522	   -8.25788	 345.0	 1	    1.06000	    0.94000;
	5	 1	 0.0	 0.0	 0.0	 0.0	 1	    1.04304	   -7.43792	 345.0	 1	    1.06000	    0.94000;
	6	 1	 0.0	 0.0	 0.0	 0.0	 1	    1.04750	   -6.87397	 345.0	 1	    1.06000	    0.94000;
	7	 1	 233.8	 84.0	 0.0	 0.0	 1	    1.03304	   -8.78606	 345.0	 1	    1.06000	    0.94000;
	8	 1	 522.0	 176.6	 0.0	 0.0	 1	    1.02993	   -9.18799	 345.0	 1	    1.06000	    0.94000;
	9	 1	 6.5	 -66.6	 0.0	 0.0	 1	    1.02972	   -8.09720	 345.0	 1	    1.06000	    0.94000;
	10	 1	 0.0	 0.0	 0.0	 0.0	 1	    1.06000	   -4.72657	 345.0	 1	    1.06000	    0.94000;
	11	 1	 0.0	 0.0	 0.0	 0.0	 1	    1.05456	   -5.45594	 345.0	 1	    1.06000	    0.94000;
	12	 1	 8.53	 88.0	 0.0	 0.0	 1	    1.04209	   -5.44458	 345.0	 1	    1.06000	    0.94000;
	13	 1	 0.0	 0.0	 0.0	 0.0	 1	    1.05427	   -5.31242	 345.0	 1	    1.06000	    0.94000;
	14	 1	 0.0	 0.0	 0.0	 0.0	 1	    1.04435	   -6.68693	 345.0	 1	    1.06000	    0.94000;
	15	 1	 320.0	 153.0	 0.0	 0.0	 3	    1.03341	   -7.03768	 345.0	 1	    1.06000	    0.94000;
	16	 1	 329.0	 32.3	 0.0	 0.0	 3	    1.04305	   -5.64710	 345.0	 1	    1.06000	    0.94000;
	17	 1	 0.0	 0.0	 0.0	 0.0	 2	    1.04576	   -6.33035	 345.0	 1	    1.06000	    0.94000;
	18	 1	 158.0	 30.0	 0.0	 0.0	 2	    1.04506	   -6.88293	 345.0	 1	    1.06000	    0.94000;
	19	 1	 0.0	 0.0	 0.0	 0.0	 3	    1.04575	   -1.34953	 345.0	 1	    1.06000	    0.94000;
	20	 1	 680.0	 103.0	 0.0	 0.0	 3	    0.98090	   -2.76319	 345.0	 1	    1.06000	    0.94000;
	21	 1	 274.0	 115.0	 0.0	 0.0	 3	    1.04231	   -3.36787	 345.0	 1	    1.06000	    0.94000;
	22	 1	 0.0	 0.0	 0.0	 0.0	 3	    1.05910	    0.91780	 345.0	 1	    1.06000	    0.94000;
	23	 1	 247.5	 84.6	 0.0	 0.0	 3	    1.05208	    0.48992	 345.0	 1	    1.06000	    0.94000;
	24	 1	 308.6	 -92.2	 0.0	 0.0	 3	    1.04812	   -5.58888	 345.0	 1	    1.06000	    0.94000;
	25	 1	 224.0	 47.2	 0.0	 0.0	 2	    1.05563	   -3.10313	 345.0	 1	    1.06000	    0.94000;
	26	 1	 139.0	 17.0	 0.0	 0.0	 2	    1.05926	   -4.48108	 345.0	 1	    1.06000	    0.94000;
	27	 1	 281.0	 75.5	 0.0	 0.0	 2	    1.04731	   -6.46661	 345.0	 1	    1.06000	    0.94000;
	28	 1	 206.0	 27.6	 0.0	 0.0	 3	    1.05966	   -1.10261	 345.0	 1	    1.06000	    0.94000;
	29	 1	 283.5	 26.9	 0.0	 0.0	 3	    1.06000	    1.58163	 345.0	 1	    1.06000	    0.94000;
	30	 2	 0.0	 0.0	 0.0	 0.0	 2	    1.05893	    4.02792	 345.0	 1	    1.06000	    0.94000;
	31	 3	 9.2	 4.6	 0.0	 0.0	 1	    1.04275	   -0.00000	 345.0	 1	    1.06000	    0.94000;
	32	 2	 0.0	 0.0	 0.0	 0.0	 1	    1.04116	    2.14739	 345.0	 1	    1.06000	    0.94000;
	33	 2	 0.0	 0.0	 0.0	 0.0	 3	    0.98725	    3.65629	 345.0	 1	    1.06000	    0.94000;
	34	 2	 0.0	 0.0	 0.0	 0.0	 3	    0.99483	    2.59608	 345.0	 1	    1.06000	    0.94000;
	35	 2	 0.0	 0.0	 0.0	 0.0	 3	    1.06000	    6.06393	 345.0	 1	    1.06000	    0.94000;
	36	 2	 0.0	 0.0	 0.0	 0.0	 3	    1.06000	    7.36389	 345.0	 1	    1.06000	    0.94000;
	37	 2	 0.0	 0.0	 0.0	 0.0	 2	    1.02983	   -0.03871	 345.0	 1	    1.06000	    0.94000;
	38	 2	 0.0	 0.0	 0.0	 0.0	 3	    1.03701	    8.45560	 345.0	 1	    1.06000	    0.94000;
	39	 2	 1104.0	 250.0	 0.0	 0.0	 1	    0.99308	   -7.14396	 345.0	 1	    1.06000	    0.94000;
];

%% generator data
%	bus	Pg	Qg	Qmax	Qmin	Vg	mBase	status	Pmax	Pmin	Pc1	Pc2	Qc1min	Qc1max	Qc2min	Qc2max	ramp_agc	ramp_10	ramp_30	ramp_q	apf
mpc.gen = [
	30	 724.124	 188.481	 400.0	 140.0	 1.05893	 100.0	 1	 1040.0	 0.0	 0.0	 0.0	 0.0	 0.0	 0.0	 0.0	 0.0	 0.0	 0.0	 0.0	 0.0;
	31	 497.913	 300.0	 300.0	 -100.0	 1.04275	 100.0	 1	 646.0	 0.0	 0.0	 0.0	 0.0	 0.0	 0.0	 0.0	 0.0	 0.0	 0.0	 0.0	 0.0;
	32	 617.238	 300.0	 300.0	 150.0	 1.04116	 100.0	 1	 725.0	 0.0	 0.0	 0.0	 0.0	 0.0	 0.0	 0.0	 0.0	 0.0	 0.0	 0.0	 0.0;
	33	 596.131	 65.432	 250.0	 0.0	 0.98725	 100.0	 1	 652.0	 0.0	 0.0	 0.0	 0.0	 0.0	 0.0	 0.0	 0.0	 0.0	 0.0	 0.0	 0.0;
	34	 508.0	 123.427	 167.0	 0.0	 0.99483	 100.0	 1	 508.0	 0.0	 0.0	 0.0	 0.0	 0.0	 0.0	 0.0	 0.0	 0.0	 0.0	 0.0	 0.0;
	35	 687.0	 229.026	 300.0	 -100.0	 1.06	 100.0	 1	 687.0	 0.0	 0.0	 0.0	 0.0	 0.0	 0.0	 0.0	 0.0	 0.0	 0.0	 0.0	 0.0;
	36	 491.658	 51.287	 240.0	 0.0	 1.06	 100.0	 1	 580.0	 0.0	 0.0	 0.0	 0.0	 0.0	 0.0	 0.0	 0.0	 0.0	 0.0	 0.0	 0.0;
	37	 244.391	 0.0	 250.0	 0.0	 1.02983	 100.0	 1	 564.0	 0.0	 0.0	 0.0	 0.0	 0.0	 0.0	 0.0	 0.0	 0.0	 0.0	 0.0	 0.0;
	38	 824.121	 26.189	 300.0	 -150.0	 1.03701	 100.0	 1	 865.0	 0.0	 0.0	 0.0	 0.0	 0.0	 0.0	 0.0	 0.0	 0.0	 0.0	 0.0	 0.0;
	39	 1100.0	 -100.0	 300.0	 -100.0	 0.99308	 100.0	 1	 1100.0	 0.0	 0.0	 0.0	 0.0	 0.0	 0.0	 0.0	 0.0	 0.0	 0.0	 0.0	 0.0;
];

%% generator cost data
%	2	startup	shutdown	n	c(n-1)	...	c0
mpc.gencost = [
	2	 0.0	 0.0	 3	   0.000000	   0.196216	   0.000000;
	2	 0.0	 0.0	 3	   0.000000	   0.462527	   0.000000;
	2	 0.0	 0.0	 3	   0.000000	   0.768689	   0.000000;
	2	 0.0	 0.0	 3	   0.000000	   1.073117	   0.000000;
	2	 0.0	 0.0	 3	   0.000000	   0.764088	   0.000000;
	2	 0.0	 0.0	 3	   0.000000	   0.996155	   0.000000;
	2	 0.0	 0.0	 3	   0.000000	   0.567133	   0.000000;
	2	 0.0	 0.0	 3	   0.000000	   0.973223	   0.000000;
	2	 0.0	 0.0	 3	   0.000000	   0.698902	   0.000000;
	2	 0.0	 0.0	 3	   0.000000	   0.848427	   0.000000;
];

%% branch data
%	fbus	tbus	r	x	b	rateA	rateB	rateC	ratio	angle	status	angmin	angmax
