%%%%%%%%%%%%%%%%%%%%%%%%%%%%%%%%%%%%%%%%%%%%%%%%%%%%%%%%%%%%%%%%%%%%%%%%%%%
%%%%                                                                  %%%%%
%%%%    IEEE PES Power Grid Library - Optimal Power Flow - v17.07     %%%%%
%%%%          (https://github.com/power-grid-lib/pglib-opf)           %%%%%
%%%%             Benchmark Group - Small Angle Difference             %%%%%
%%%%                         27 - June - 2017                         %%%%%
%%%%                                                                  %%%%%
%%%%%%%%%%%%%%%%%%%%%%%%%%%%%%%%%%%%%%%%%%%%%%%%%%%%%%%%%%%%%%%%%%%%%%%%%%%
function mpc = pglib_opf_case73_ieee_rts__sad
mpc.version = '2';
mpc.baseMVA = 100.0;

%% area data
%	area	refbus
mpc.areas = [
	1	 101;
	2	 201;
	3	 301;
];

%% bus data
%	bus_i	type	Pd	Qd	Gs	Bs	area	Vm	Va	baseKV	zone	Vmax	Vmin
mpc.bus = [
	101	 2	 108.0	 22.0	 0.0	 0.0	 1	    1.03213	   -8.78097	 138.0	 1	    1.05000	    0.95000;
	102	 2	 97.0	 20.0	 0.0	 0.0	 1	    1.02722	   -8.74749	 138.0	 1	    1.05000	    0.95000;
	103	 1	 180.0	 37.0	 0.0	 0.0	 1	    1.00951	  -10.10248	 138.0	 1	    1.05000	    0.95000;
	104	 1	 74.0	 15.0	 0.0	 0.0	 1	    1.00955	  -11.59917	 138.0	 1	    1.05000	    0.95000;
	105	 1	 71.0	 14.0	 0.0	 0.0	 1	    1.02767	  -11.61109	 138.0	 1	    1.05000	    0.95000;
	106	 1	 136.0	 28.0	 0.0	 -100.0	 1	    1.02732	  -14.07546	 138.0	 1	    1.05000	    0.95000;
	107	 2	 125.0	 25.0	 0.0	 0.0	 1	    1.05000	   -5.82271	 138.0	 1	    1.05000	    0.95000;
	108	 1	 171.0	 35.0	 0.0	 0.0	 1	    1.01740	  -10.92837	 138.0	 1	    1.05000	    0.95000;
	109	 1	 175.0	 36.0	 0.0	 0.0	 1	    1.02858	   -9.86009	 138.0	 1	    1.05000	    0.95000;
	110	 1	 195.0	 40.0	 0.0	 0.0	 1	    1.05000	  -11.31447	 138.0	 1	    1.05000	    0.95000;
	111	 1	 0.0	 0.0	 0.0	 0.0	 1	    1.03359	   -5.32531	 230.0	 1	    1.05000	    0.95000;
	112	 1	 0.0	 0.0	 0.0	 0.0	 1	    1.02729	   -3.75934	 230.0	 1	    1.05000	    0.95000;
	113	 3	 265.0	 54.0	 0.0	 0.0	 1	    1.05000	    0.00000	 230.0	 1	    1.05000	    0.95000;
	114	 2	 194.0	 39.0	 0.0	 0.0	 1	    1.05000	   -4.95219	 230.0	 1	    1.05000	    0.95000;
	115	 2	 317.0	 64.0	 0.0	 0.0	 1	    1.04390	    1.88794	 230.0	 1	    1.05000	    0.95000;
	116	 2	 100.0	 20.0	 0.0	 0.0	 1	    1.04719	    1.78012	 230.0	 1	    1.05000	    0.95000;
	117	 1	 0.0	 0.0	 0.0	 0.0	 1	    1.04829	    5.68238	 230.0	 1	    1.05000	    0.95000;
	118	 2	 333.0	 68.0	 0.0	 0.0	 1	    1.05000	    6.79369	 230.0	 1	    1.05000	    0.95000;
	119	 1	 181.0	 37.0	 0.0	 0.0	 1	    1.04046	    1.11405	 230.0	 1	    1.05000	    0.95000;
	120	 1	 128.0	 26.0	 0.0	 0.0	 1	    1.04422	    2.40766	 230.0	 1	    1.05000	    0.95000;
	121	 2	 0.0	 0.0	 0.0	 0.0	 1	    1.05000	    7.37210	 230.0	 1	    1.05000	    0.95000;
	122	 2	 0.0	 0.0	 0.0	 0.0	 1	    1.05000	   13.22070	 230.0	 1	    1.05000	    0.95000;
	123	 2	 0.0	 0.0	 0.0	 0.0	 1	    1.05000	    3.83882	 230.0	 1	    1.05000	    0.95000;
	124	 1	 0.0	 0.0	 0.0	 0.0	 1	    1.01599	   -2.50432	 230.0	 1	    1.05000	    0.95000;
	201	 2	 108.0	 22.0	 0.0	 0.0	 2	    1.03452	   -5.52092	 138.0	 2	    1.05000	    0.95000;
	202	 2	 97.0	 20.0	 0.0	 0.0	 2	    1.03208	   -5.52619	 138.0	 2	    1.05000	    0.95000;
	203	 1	 180.0	 37.0	 0.0	 0.0	 2	    1.02247	   -6.67649	 138.0	 2	    1.05000	    0.95000;
	204	 1	 74.0	 15.0	 0.0	 0.0	 2	    1.01307	   -8.35239	 138.0	 2	    1.05000	    0.95000;
	205	 1	 71.0	 14.0	 0.0	 0.0	 2	    1.02889	   -8.38603	 138.0	 2	    1.05000	    0.95000;
	206	 1	 136.0	 28.0	 0.0	 -100.0	 2	    1.02853	  -10.87546	 138.0	 2	    1.05000	    0.95000;
	207	 2	 125.0	 25.0	 0.0	 0.0	 2	    1.03798	   -1.24435	 138.0	 2	    1.05000	    0.95000;
	208	 1	 171.0	 35.0	 0.0	 0.0	 2	    1.01015	   -6.99036	 138.0	 2	    1.05000	    0.95000;
	209	 1	 175.0	 36.0	 0.0	 0.0	 2	    1.03087	   -6.62113	 138.0	 2	    1.05000	    0.95000;
	210	 1	 195.0	 40.0	 0.0	 0.0	 2	    1.05000	   -8.13532	 138.0	 2	    1.05000	    0.95000;
	211	 1	 0.0	 0.0	 0.0	 0.0	 2	    1.03438	   -2.36068	 230.0	 2	    1.05000	    0.95000;
	212	 1	 0.0	 0.0	 0.0	 0.0	 2	    1.02828	   -0.79173	 230.0	 2	    1.05000	    0.95000;
	213	 2	 265.0	 54.0	 0.0	 0.0	 2	    1.05000	    2.71257	 230.0	 2	    1.05000	    0.95000;
	214	 2	 194.0	 39.0	 0.0	 0.0	 2	    1.05000	   -1.99559	 230.0	 2	    1.05000	    0.95000;
	215	 2	 317.0	 64.0	 0.0	 0.0	 2	    1.04763	    4.66409	 230.0	 2	    1.05000	    0.95000;
	216	 2	 100.0	 20.0	 0.0	 0.0	 2	    1.04861	    4.70262	 230.0	 2	    1.05000	    0.95000;
	217	 1	 0.0	 0.0	 0.0	 0.0	 2	    1.04452	    7.82512	 230.0	 2	    1.05000	    0.95000;
	218	 2	 333.0	 68.0	 0.0	 0.0	 2	    1.04083	    9.29285	 230.0	 2	    1.05000	    0.95000;
	219	 1	 181.0	 37.0	 0.0	 0.0	 2	    1.04128	    4.05734	 230.0	 2	    1.05000	    0.95000;
	220	 1	 128.0	 26.0	 0.0	 0.0	 2	    1.04450	    5.36632	 230.0	 2	    1.05000	    0.95000;
	221	 2	 0.0	 0.0	 0.0	 0.0	 2	    1.05000	   10.09526	 230.0	 2	    1.05000	    0.95000;
	222	 2	 0.0	 0.0	 0.0	 0.0	 2	    1.05000	   15.42328	 230.0	 2	    1.05000	    0.95000;
	223	 2	 0.0	 0.0	 0.0	 0.0	 2	    1.05000	    6.80643	 230.0	 2	    1.05000	    0.95000;
	224	 1	 0.0	 0.0	 0.0	 0.0	 2	    1.02397	    0.47410	 230.0	 2	    1.05000	    0.95000;
	301	 2	 108.0	 22.0	 0.0	 0.0	 3	    1.03974	   -8.01552	 138.0	 3	    1.05000	    0.95000;
	302	 2	 97.0	 20.0	 0.0	 0.0	 3	    1.03410	   -7.97392	 138.0	 3	    1.05000	    0.95000;
	303	 1	 180.0	 37.0	 0.0	 0.0	 3	    1.01087	   -9.22015	 138.0	 3	    1.05000	    0.95000;
	304	 1	 74.0	 15.0	 0.0	 0.0	 3	    1.01229	  -10.73926	 138.0	 3	    1.05000	    0.95000;
	305	 1	 71.0	 14.0	 0.0	 0.0	 3	    1.03163	  -10.76263	 138.0	 3	    1.05000	    0.95000;
	306	 1	 136.0	 28.0	 0.0	 -100.0	 3	    1.02908	  -13.18912	 138.0	 3	    1.05000	    0.95000;
	307	 2	 125.0	 25.0	 0.0	 0.0	 3	    1.03259	   -3.43299	 138.0	 3	    1.05000	    0.95000;
	308	 1	 171.0	 35.0	 0.0	 0.0	 3	    1.00622	   -9.25857	 138.0	 3	    1.05000	    0.95000;
	309	 1	 175.0	 36.0	 0.0	 0.0	 3	    1.02781	   -8.95423	 138.0	 3	    1.05000	    0.95000;
	310	 1	 195.0	 40.0	 0.0	 0.0	 3	    1.05000	  -10.41367	 138.0	 3	    1.05000	    0.95000;
	311	 1	 0.0	 0.0	 0.0	 0.0	 3	    1.03372	   -4.57339	 230.0	 3	    1.05000	    0.95000;
	312	 1	 0.0	 0.0	 0.0	 0.0	 3	    1.02739	   -3.00362	 230.0	 3	    1.05000	    0.95000;
	313	 2	 265.0	 54.0	 0.0	 0.0	 3	    1.05000	    0.59053	 230.0	 3	    1.05000	    0.95000;
	314	 2	 194.0	 39.0	 0.0	 0.0	 3	    1.05000	   -4.20900	 230.0	 3	    1.05000	    0.95000;
	315	 2	 317.0	 64.0	 0.0	 0.0	 3	    1.04347	    2.78230	 230.0	 3	    1.05000	    0.95000;
	316	 2	 100.0	 20.0	 0.0	 0.0	 3	    1.04656	    2.51690	 230.0	 3	    1.05000	    0.95000;
	317	 1	 0.0	 0.0	 0.0	 0.0	 3	    1.04798	    6.56257	 230.0	 3	    1.05000	    0.95000;
	318	 2	 333.0	 68.0	 0.0	 0.0	 3	    1.05000	    7.74136	 230.0	 3	    1.05000	    0.95000;
	319	 1	 181.0	 37.0	 0.0	 0.0	 3	    1.03995	    1.85760	 230.0	 3	    1.05000	    0.95000;
	320	 1	 128.0	 26.0	 0.0	 0.0	 3	    1.04382	    3.15887	 230.0	 3	    1.05000	    0.95000;
	321	 2	 0.0	 0.0	 0.0	 0.0	 3	    1.05000	    8.50092	 230.0	 3	    1.05000	    0.95000;
	322	 2	 0.0	 0.0	 0.0	 0.0	 3	    1.05000	   14.16073	 230.0	 3	    1.05000	    0.95000;
	323	 2	 0.0	 0.0	 0.0	 0.0	 3	    1.04967	    4.59454	 230.0	 3	    1.05000	    0.95000;
	324	 1	 0.0	 0.0	 0.0	 0.0	 3	    1.01622	   -1.62199	 230.0	 3	    1.05000	    0.95000;
	325	 1	 0.0	 0.0	 0.0	 0.0	 3	    1.05000	    4.82653	 230.0	 3	    1.05000	    0.95000;
];

%% generator data
%	bus	Pg	Qg	Qmax	Qmin	Vg	mBase	status	Pmax	Pmin	Pc1	Pc2	Qc1min	Qc1max	Qc2min	Qc2max	ramp_agc	ramp_10	ramp_30	ramp_q	apf
