%%%%%%%%%%%%%%%%%%%%%%%%%%%%%%%%%%%%%%%%%%%%%%%%%%%%%%%%%%%%%%%%%%%%%%%%%%%
%%%%                                                                  %%%%%
%%%%    IEEE PES Power Grid Library - Optimal Power Flow - v17.07     %%%%%
%%%%          (https://github.com/power-grid-lib/pglib-opf)           %%%%%
%%%%             Benchmark Group - Small Angle Difference             %%%%%
%%%%                         27 - June - 2017                         %%%%%
%%%%                                                                  %%%%%
%%%%%%%%%%%%%%%%%%%%%%%%%%%%%%%%%%%%%%%%%%%%%%%%%%%%%%%%%%%%%%%%%%%%%%%%%%%
function mpc = pglib_opf_case30_ieee__sad
mpc.version = '2';
mpc.baseMVA = 100.0;

%% bus data
%	bus_i	type	Pd	Qd	Gs	Bs	area	Vm	Va	baseKV	zone	Vmax	Vmin
mpc.bus = [
	1	 3	 0.0	 0.0	 0.0	 0.0	 1	    1.06000	   -0.00000	 132.0	 1	    1.06000	    0.94000;
	2	 2	 21.7	 12.7	 0.0	 0.0	 1	    1.03619	   -4.11544	 132.0	 1	    1.06000	    0.94000;
	3	 1	 2.4	 1.2	 0.0	 0.0	 1	    1.01530	   -6.85431	 132.0	 1	    1.06000	    0.94000;
	4	 1	 7.6	 1.6	 0.0	 0.0	 1	    1.00481	   -8.44617	 132.0	 1	    1.06000	    0.94000;
	5	 2	 94.2	 19.0	 0.0	 0.0	 1	    0.99893	  -13.14199	 132.0	 1	    1.06000	    0.94000;
	6	 1	 0.0	 0.0	 0.0	 0.0	 1	    1.00215	  -10.15704	 132.0	 1	    1.06000	    0.94000;
	7	 1	 22.8	 10.9	 0.0	 0.0	 1	    0.99295	  -11.92022	 132.0	 1	    1.06000	    0.94000;
	8	 2	 30.0	 30.0	 0.0	 0.0	 1	    1.00286	  -10.93431	 132.0	 1	    1.06000	    0.94000;
	9	 1	 0.0	 0.0	 0.0	 0.0	 1	    1.03696	  -13.26433	 1.0	 1	    1.06000	    0.94000;
	10	 1	 5.8	 2.0	 0.0	 19.0	 1	    1.03248	  -14.89464	 33.0	 1	    1.06000	    0.94000;
	11	 2	 0.0	 0.0	 0.0	 0.0	 1	    1.06000	  -13.26433	 11.0	 1	    1.06000	    0.94000;
	12	 1	 11.2	 7.5	 0.0	 0.0	 1	    1.04642	  -14.18496	 33.0	 1	    1.06000	    0.94000;
	13	 2	 0.0	 0.0	 0.0	 0.0	 1	    1.06000	  -14.18496	 11.0	 1	    1.06000	    0.94000;
	14	 1	 6.2	 1.6	 0.0	 0.0	 1	    1.03122	  -15.09046	 33.0	 1	    1.06000	    0.94000;
	15	 1	 8.2	 2.5	 0.0	 0.0	 1	    1.02642	  -15.17456	 33.0	 1	    1.06000	    0.94000;
	16	 1	 3.5	 1.8	 0.0	 0.0	 1	    1.03281	  -14.74997	 33.0	 1	    1.06000	    0.94000;
	17	 1	 9.0	 5.8	 0.0	 0.0	 1	    1.02752	  -15.07174	 33.0	 1	    1.06000	    0.94000;
	18	 1	 3.2	 0.9	 0.0	 0.0	 1	    1.01626	  -15.78663	 33.0	 1	    1.06000	    0.94000;
	19	 1	 9.5	 3.4	 0.0	 0.0	 1	    1.01342	  -15.95472	 33.0	 1	    1.06000	    0.94000;
	20	 1	 2.2	 0.7	 0.0	 0.0	 1	    1.01739	  -15.74817	 33.0	 1	    1.06000	    0.94000;
	21	 1	 17.5	 11.2	 0.0	 0.0	 1	    1.02010	  -15.34973	 33.0	 1	    1.06000	    0.94000;
	22	 1	 0.0	 0.0	 0.0	 0.0	 1	    1.02069	  -15.33567	 33.0	 1	    1.06000	    0.94000;
	23	 1	 3.2	 1.6	 0.0	 0.0	 1	    1.01557	  -15.56043	 33.0	 1	    1.06000	    0.94000;
	24	 1	 8.7	 6.7	 0.0	 4.3	 1	    1.00960	  -15.72277	 33.0	 1	    1.06000	    0.94000;
	25	 1	 0.0	 0.0	 0.0	 0.0	 1	    1.00658	  -15.28886	 33.0	 1	    1.06000	    0.94000;
	26	 1	 3.5	 2.3	 0.0	 0.0	 1	    0.98871	  -15.71770	 33.0	 1	    1.06000	    0.94000;
	27	 1	 0.0	 0.0	 0.0	 0.0	 1	    1.01335	  -14.75426	 33.0	 1	    1.06000	    0.94000;
	28	 1	 0.0	 0.0	 0.0	 0.0	 1	    0.99869	  -10.79549	 132.0	 1	    1.06000	    0.94000;
	29	 1	 2.4	 0.9	 0.0	 0.0	 1	    0.99330	  -16.00885	 33.0	 1	    1.06000	    0.94000;
	30	 1	 10.6	 1.9	 0.0	 0.0	 1	    0.98170	  -16.90995	 33.0	 1	    1.06000	    0.94000;
];

%% generator data
%	bus	Pg	Qg	Qmax	Qmin	Vg	mBase	status	Pmax	Pmin	Pc1	Pc2	Qc1min	Qc1max	Qc2min	Qc2max	ramp_agc	ramp_10	ramp_30	ramp_q	apf
mpc.gen = [
	1	 218.82	 8.696	 10.0	 0.0	 1.06	 100.0	 1	 271.0	 0.0	 0.0	 0.0	 0.0	 0.0	 0.0	 0.0	 0.0	 0.0	 0.0	 0.0	 0.0;
	2	 80.06	 24.367	 46.0	 -40.0	 1.03619	 100.0	 1	 92.0	 0.0	 0.0	 0.0	 0.0	 0.0	 0.0	 0.0	 0.0	 0.0	 0.0	 0.0	 0.0;
	5	 0.0	 33.561	 40.0	 -40.0	 0.99893	 100.0	 1	 0.0	 0.0	 0.0	 0.0	 0.0	 0.0	 0.0	 0.0	 0.0	 0.0	 0.0	 0.0	 0.0;
	8	 0.0	 40.0	 40.0	 -10.0	 1.00286	 100.0	 1	 0.0	 0.0	 0.0	 0.0	 0.0	 0.0	 0.0	 0.0	 0.0	 0.0	 0.0	 0.0	 0.0;
	11	 0.0	 11.74	 24.0	 -6.0	 1.06	 100.0	 1	 0.0	 0.0	 0.0	 0.0	 0.0	 0.0	 0.0	 0.0	 0.0	 0.0	 0.0	 0.0	 0.0;
	13	 0.0	 10.28	 24.0	 -6.0	 1.06	 100.0	 1	 0.0	 0.0	 0.0	 0.0	 0.0	 0.0	 0.0	 0.0	 0.0	 0.0	 0.0	 0.0	 0.0;
];

%% generator cost data
%	2	startup	shutdown	n	c(n-1)	...	c0
mpc.gencost = [
	2	 0.0	 0.0	 3	   0.000000	   0.771025	   0.000000;
	2	 0.0	 0.0	 3	   0.000000	   1.387763	   0.000000;
	2	 0.0	 0.0	 3	   0.000000	   0.000000	   0.000000;
	2	 0.0	 0.0	 3	   0.000000	   0.000000	   0.000000;
	2	 0.0	 0.0	 3	   0.000000	   0.000000	   0.000000;
	2	 0.0	 0.0	 3	   0.000000	   0.000000	   0.000000;
];

%% branch data
%	fbus	tbus	r	x	b	rateA	rateB	rateC	ratio	angle	status	angmin	angmax
