%%%%%%%%%%%%%%%%%%%%%%%%%%%%%%%%%%%%%%%%%%%%%%%%%%%%%%%%%%%%%%%%%%%%%%%%%%%
%%%%                                                                  %%%%%
%%%%    IEEE PES Power Grid Library - Optimal Power Flow - v17.07     %%%%%
%%%%          (https://github.com/power-grid-lib/pglib-opf)           %%%%%
%%%%             Benchmark Group - Small Angle Difference             %%%%%
%%%%                         27 - June - 2017                         %%%%%
%%%%                                                                  %%%%%
%%%%%%%%%%%%%%%%%%%%%%%%%%%%%%%%%%%%%%%%%%%%%%%%%%%%%%%%%%%%%%%%%%%%%%%%%%%
function mpc = pglib_opf_case162_ieee_dtc__sad
mpc.version = '2';
mpc.baseMVA = 100.0;

%% bus data
%	bus_i	type	Pd	Qd	Gs	Bs	area	Vm	Va	baseKV	zone	Vmax	Vmin
mpc.bus = [
	1	 1	 0.0	 0.0	 0.0	 -100.0	 1	    1.05361	    1.93542	 345.0	 9	    1.06000	    0.94000;
	2	 1	 0.0	 0.0	 0.0	 0.0	 1	    1.03852	   -3.04815	 345.0	 9	    1.06000	    0.94000;
	3	 1	 370.0	 96.9	 0.0	 0.0	 1	    1.01123	   -5.85032	 161.0	 12	    1.06000	    0.94000;
	4	 1	 0.0	 0.0	 0.0	 0.0	 1	    1.01847	   -7.26152	 345.0	 3	    1.06000	    0.94000;
	5	 1	 0.0	 0.0	 0.0	 -50.0	 1	    1.05031	    3.18137	 345.0	 8	    1.06000	    0.94000;
	6	 2	 0.0	 0.0	 0.0	 0.0	 1	    1.03772	    8.09534	 22.0	 9	    1.06000	    0.94000;
	7	 1	 0.0	 0.0	 0.0	 0.0	 1	    1.03136	   -3.38485	 345.0	 9	    1.06000	    0.94000;
	8	 1	 398.0	 0.0	 0.0	 0.0	 1	    1.05132	   -6.77574	 115.0	 12	    1.06000	    0.94000;
	9	 1	 0.0	 0.0	 0.0	 0.0	 1	    1.03068	   -0.68170	 345.0	 8	    1.06000	    0.94000;
	10	 1	 226.0	 0.0	 0.0	 0.0	 1	    0.99119	  -11.58128	 230.0	 12	    1.06000	    0.94000;
	11	 1	 0.0	 0.0	 0.0	 0.0	 1	    1.00026	   -8.03329	 230.0	 10	    1.06000	    0.94000;
	12	 1	 193.0	 0.0	 0.0	 0.0	 1	    1.05411	   -6.62255	 115.0	 12	    1.06000	    0.94000;
	13	 1	 204.0	 0.0	 0.0	 0.0	 1	    1.03647	   -4.44838	 345.0	 12	    1.06000	    0.94000;
	14	 1	 381.0	 0.0	 0.0	 0.0	 1	    1.04827	   -3.65999	 161.0	 12	    1.06000	    0.94000;
	15	 1	 -80.0	 0.0	 0.0	 0.0	 1	    1.02168	   -0.02610	 230.0	 12	    1.06000	    0.94000;
	16	 1	 -54.2	 0.0	 0.0	 0.0	 1	    1.05397	   -5.11915	 161.0	 12	    1.06000	    0.94000;
	17	 1	 -116.5	 0.0	 0.0	 0.0	 1	    1.05758	   -4.45846	 161.0	 12	    1.06000	    0.94000;
	18	 1	 34.4	 11.67	 0.0	 0.0	 1	    1.06000	   -8.84229	 161.0	 6	    1.06000	    0.94000;
	19	 1	 64.4	 0.0	 0.0	 0.0	 1	    1.00110	  -12.75657	 161.0	 12	    1.06000	    0.94000;
	20	 1	 37.9	 12.5	 0.0	 0.0	 1	    0.97381	   -9.82678	 69.0	 10	    1.06000	    0.94000;
	21	 1	 -69.8	 0.0	 0.0	 0.0	 1	    1.04585	   -5.69216	 161.0	 12	    1.06000	    0.94000;
	22	 1	 17.39	 5.27	 0.0	 0.0	 1	    1.02760	  -12.15687	 161.0	 6	    1.06000	    0.94000;
	23	 1	 63.5	 0.0	 0.0	 0.0	 1	    0.99600	  -10.54533	 161.0	 12	    1.06000	    0.94000;
	24	 1	 0.0	 0.0	 0.0	 0.0	 1	    1.00446	   -8.80895	 161.0	 6	    1.06000	    0.94000;
	25	 1	 0.0	 0.0	 0.0	 -50.0	 1	    0.98952	   -4.80184	 345.0	 6	    1.06000	    0.94000;
	26	 1	 0.0	 0.0	 0.0	 -50.0	 1	    0.99393	    3.39786	 345.0	 1	    1.06000	    0.94000;
	27	 1	 324.0	 57.9	 0.0	 0.0	 1	    0.99701	   -5.74425	 345.0	 12	    1.06000	    0.94000;
	28	 1	 38.47	 13.17	 0.0	 0.0	 1	    0.98675	  -11.54446	 161.0	 6	    1.06000	    0.94000;
	29	 1	 28.31	 9.03	 0.0	 0.0	 1	    0.99032	  -13.20143	 161.0	 6	    1.06000	    0.94000;
	30	 1	 101.2	 32.52	 0.0	 15.0	 1	    1.01112	  -14.81653	 161.0	 6	    1.06000	    0.94000;
	31	 1	 72.5	 0.0	 0.0	 0.0	 1	    0.98970	  -12.35553	 161.0	 12	    1.06000	    0.94000;
	32	 1	 52.7	 15.06	 0.0	 20.0	 1	    1.01321	  -15.99933	 161.0	 6	    1.06000	    0.94000;
	33	 1	 45.17	 15.06	 0.0	 20.0	 1	    0.99815	  -17.88761	 161.0	 6	    1.06000	    0.94000;
	34	 1	 14.18	 5.25	 0.0	 3.2	 1	    0.98946	  -17.75962	 161.0	 1	    1.06000	    0.94000;
	35	 1	 54.48	 14.63	 0.0	 5.0	 1	    0.98438	  -19.20380	 161.0	 1	    1.06000	    0.94000;
	36	 1	 31.96	 8.68	 0.0	 3.0	 1	    0.99246	  -18.13573	 161.0	 2	    1.06000	    0.94000;
	37	 1	 0.0	 0.0	 0.0	 0.0	 1	    0.99882	   -5.60986	 345.0	 11	    1.06000	    0.94000;
	38	 1	 14.76	 4.08	 0.0	 1.5	 1	    1.01086	  -12.68438	 161.0	 2	    1.06000	    0.94000;
	39	 1	 0.0	 0.0	 0.0	 0.0	 1	    0.97868	   -7.65019	 345.0	 6	    1.06000	    0.94000;
	40	 1	 52.88	 17.6	 0.0	 0.0	 1	    0.98919	  -16.63570	 161.0	 1	    1.06000	    0.94000;
	41	 1	 39.2	 12.8	 0.0	 0.0	 1	    0.99056	  -14.59001	 161.0	 1	    1.06000	    0.94000;
	42	 1	 0.0	 0.0	 0.0	 0.0	 1	    0.98345	   -7.13484	 345.0	 2	    1.06000	    0.94000;
	43	 1	 41.5	 0.0	 0.0	 0.0	 1	    0.98745	  -10.23360	 161.0	 12	    1.06000	    0.94000;
	44	 1	 16.32	 3.71	 0.0	 0.0	 1	    0.98038	  -10.66327	 161.0	 2	    1.06000	    0.94000;
	45	 1	 20.02	 5.41	 0.0	 1.9	 1	    0.98515	  -11.84623	 161.0	 2	    1.06000	    0.94000;
	46	 1	 65.31	 22.3	 0.0	 26.2	 1	    0.99027	  -14.57526	 161.0	 10	    1.06000	    0.94000;
	47	 1	 4.82	 1.56	 0.0	 0.0	 1	    0.97179	  -16.55639	 161.0	 2	    1.06000	    0.94000;
	48	 1	 33.76	 22.86	 0.0	 0.0	 1	    0.97300	  -14.43219	 161.0	 10	    1.06000	    0.94000;
	49	 1	 6.82	 1.78	 0.0	 0.0	 1	    0.96967	  -16.91951	 161.0	 2	    1.06000	    0.94000;
	50	 1	 99.7	 0.0	 0.0	 0.0	 1	    0.97645	  -13.03667	 161.0	 12	    1.06000	    0.94000;
	51	 1	 0.0	 0.0	 0.0	 0.0	 1	    0.97804	  -11.54974	 161.0	 3	    1.06000	    0.94000;
	52	 1	 218.2	 42.8	 0.0	 0.0	 1	    1.00727	  -13.30595	 161.0	 3	    1.06000	    0.94000;
	53	 1	 0.0	 0.0	 0.0	 0.0	 1	    0.99065	   -7.54132	 161.0	 10	    1.06000	    0.94000;
	54	 1	 70.34	 29.57	 0.0	 0.0	 1	    0.97407	  -13.63013	 161.0	 10	    1.06000	    0.94000;
	55	 1	 0.0	 0.0	 0.0	 0.0	 1	    0.99041	   -7.33730	 161.0	 1	    1.06000	    0.94000;
	56	 1	 25.29	 7.26	 0.0	 3.2	 1	    0.97973	  -15.95692	 161.0	 7	    1.06000	    0.94000;
	57	 1	 48.48	 15.61	 0.0	 0.0	 1	    0.97522	  -13.28551	 161.0	 1	    1.06000	    0.94000;
	58	 1	 0.0	 0.0	 0.0	 0.0	 1	    1.01303	   -4.46879	 230.0	 10	    1.06000	    0.94000;
	59	 1	 84.43	 27.05	 0.0	 0.0	 1	    0.98899	   -9.03423	 230.0	 10	    1.06000	    0.94000;
	60	 1	 244.0	 0.0	 0.0	 0.0	 1	    1.00910	   -9.67346	 115.0	 12	    1.06000	    0.94000;
	61	 1	 0.0	 0.0	 0.0	 0.0	 1	    0.99404	   -7.17483	 230.0	 10	    1.06000	    0.94000;
	62	 1	 -865.6	 0.0	 0.0	 0.0	 1	    1.02620	    6.10709	 230.0	 12	    1.06000	    0.94000;
	63	 1	 59.1	 0.0	 0.0	 0.0	 1	    0.99652	   -5.43230	 230.0	 12	    1.06000	    0.94000;
	64	 1	 0.0	 0.0	 0.0	 0.0	 1	    1.03196	   -4.80926	 345.0	 10	    1.06000	    0.94000;
	65	 1	 -26.3	 0.0	 0.0	 0.0	 1	    1.03167	   -1.06381	 345.0	 12	    1.06000	    0.94000;
	66	 1	 0.0	 0.0	 0.0	 -50.0	 1	    1.00475	   -7.22671	 345.0	 10	    1.06000	    0.94000;
	67	 1	 22.54	 7.03	 0.0	 6.0	 1	    0.99072	  -16.86931	 161.0	 7	    1.06000	    0.94000;
	68	 1	 40.42	 12.68	 0.0	 12.0	 1	    1.00094	  -15.12452	 161.0	 7	    1.06000	    0.94000;
	69	 1	 0.0	 0.0	 0.0	 0.0	 1	    1.00682	  -13.70511	 161.0	 1	    1.06000	    0.94000;
	70	 1	 0.0	 0.0	 0.0	 0.0	 1	    1.01107	   -1.92734	 161.0	 1	    1.06000	    0.94000;
	71	 1	 29.87	 11.93	 0.0	 12.0	 1	    0.97872	   -9.26097	 161.0	 1	    1.06000	    0.94000;
	72	 1	 427.0	 0.0	 0.0	 0.0	 1	    1.03556	   -3.53774	 161.0	 12	    1.06000	    0.94000;
	73	 2	 0.0	 0.0	 0.0	 0.0	 1	    1.00232	   -1.33122	 20.0	 1	    1.06000	    0.94000;
	74	 1	 0.0	 0.0	 0.0	 0.0	 1	    0.99657	   -8.08338	 345.0	 5	    1.06000	    0.94000;
	75	 1	 0.0	 0.0	 0.0	 -50.0	 1	    1.02713	    1.74500	 345.0	 8	    1.06000	    0.94000;
	76	 2	 0.0	 0.0	 0.0	 0.0	 1	    0.94000	    9.30227	 24.0	 1	    1.06000	    0.94000;
	77	 1	 26.41	 8.78	 0.0	 4.7	 1	    0.99902	  -15.27864	 161.0	 1	    1.06000	    0.94000;
	78	 1	 79.12	 0.0	 0.0	 0.0	 1	    1.00810	  -13.04411	 161.0	 5	    1.06000	    0.94000;
	79	 1	 0.0	 0.0	 0.0	 0.0	 1	    1.01712	  -10.81494	 161.0	 5	    1.06000	    0.94000;
