%%%%%%%%%%%%%%%%%%%%%%%%%%%%%%%%%%%%%%%%%%%%%%%%%%%%%%%%%%%%%%%%%%%%%%%%%%%
%%%%                                                                  %%%%%
%%%%    IEEE PES Power Grid Library - Optimal Power Flow - v21.07     %%%%%
%%%%          (https://github.com/power-grid-lib/pglib-opf)           %%%%%
%%%%             Benchmark Group - Small Angle Difference             %%%%%
%%%%                         29 - July - 2021                         %%%%%
%%%%                                                                  %%%%%
%%%%%%%%%%%%%%%%%%%%%%%%%%%%%%%%%%%%%%%%%%%%%%%%%%%%%%%%%%%%%%%%%%%%%%%%%%%
function mpc = pglib_opf_case60_c__sad
mpc.version = '2';
mpc.baseMVA = 100.0;

%% bus data
%	bus_i	type	Pd	Qd	Gs	Bs	area	Vm	Va	baseKV	zone	Vmax	Vmin
mpc.bus = [
	1	 1	 200.0	 80.0	 0.0	 -340.12	 1	    1.00000	    0.00000	 130.0	 1	    1.10000	    0.90000;
	2	 1	 300.0	 100.0	 0.0	 0.0	 1	    1.00000	    0.00000	 130.0	 1	    1.10000	    0.90000;
	3	 1	 100.0	 40.0	 0.0	 0.0	 1	    1.00000	    0.00000	 130.0	 1	    1.10000	    0.90000;
	4	 1	 280.0	 95.0	 0.0	 150.0	 1	    1.00000	    0.00000	 130.0	 1	    1.10000	    0.90000;
	5	 1	 402.2198	 190.111	 0.0	 200.0	 1	    1.00000	    0.00000	 130.0	 1	    1.10000	    0.90000;
	6	 1	 201.2099	 75.06049	 0.0	 0.0	 1	    1.00000	    0.00000	 130.0	 1	    1.10000	    0.90000;
	7	 1	 154.2076	 96.21037	 0.0	 100.0	 1	    1.00000	    0.00000	 130.0	 1	    1.10000	    0.90000;
	8	 1	 536.4263	 286.8214	 0.0	 200.0	 1	    1.00000	    0.00000	 130.0	 1	    1.10000	    0.90000;
	9	 1	 469.4231	 238.4712	 0.0	 200.0	 1	    1.00000	    0.00000	 130.0	 1	    1.10000	    0.90000;
	10	 1	 100.0	 30.0	 0.0	 0.0	 1	    1.00000	    0.00000	 220.0	 1	    1.10000	    0.90000;
	11	 1	 200.0	 50.0	 0.0	 0.0	 1	    1.00000	    0.00000	 220.0	 1	    1.10000	    0.90000;
	12	 1	 300.0	 100.0	 0.0	 -400.0	 1	    1.00000	    0.00000	 400.0	 1	    1.10000	    0.90000;
	13	 1	 2000.0	 500.0	 0.0	 0.0	 1	    1.00000	    0.00000	 400.0	 1	    1.10000	    0.90000;
	14	 1	 362.0178	 151.1009	 0.0	 200.0	 1	    1.00000	    0.00000	 400.0	 1	    1.10000	    0.90000;
	15	 1	 268.2132	 143.4107	 0.0	 0.0	 1	    1.00000	    0.00000	 400.0	 1	    1.10000	    0.90000;
	16	 1	 603.4296	 288.1715	 0.0	 200.0	 1	    1.00000	    0.00000	 400.0	 1	    1.10000	    0.90000;
	17	 1	 469.4231	 238.4712	 0.0	 100.0	 1	    1.00000	    0.00000	 400.0	 1	    1.10000	    0.90000;
	18	 1	 67.0033	 48.35017	 0.0	 0.0	 1	    1.00000	    0.00000	 400.0	 1	    1.10000	    0.90000;
	19	 1	 536.4263	 288.8214	 0.0	 100.0	 1	    1.00000	    0.00000	 400.0	 1	    1.10000	    0.90000;
	20	 1	 500.0	 149.0	 0.0	 0.0	 1	    1.00000	    0.00000	 400.0	 1	    1.10000	    0.90000;
	21	 1	 300.0	 100.0	 0.0	 0.0	 1	    1.00000	    0.00000	 400.0	 1	    1.10000	    0.90000;
	22	 1	 590.0	 300.0	 0.0	 0.0	 1	    1.00000	    0.00000	 400.0	 1	    1.10000	    0.90000;
	23	 1	 0.0	 0.0	 0.0	 -100.0	 1	    1.00000	    0.00000	 400.0	 1	    1.10000	    0.90000;
	24	 1	 0.0	 0.0	 0.0	 0.0	 1	    1.00000	    0.00000	 130.0	 1	    1.10000	    0.90000;
	25	 1	 0.0	 0.0	 0.0	 0.0	 1	    1.00000	    0.00000	 130.0	 1	    1.10000	    0.90000;
	26	 1	 0.0	 0.0	 0.0	 0.0	 1	    1.00000	    0.00000	 400.0	 1	    1.10000	    0.90000;
	27	 1	 0.0	 0.0	 0.0	 0.0	 1	    1.00000	    0.00000	 400.0	 1	    1.10000	    0.90000;
	28	 1	 0.0	 0.0	 0.0	 0.0	 1	    1.00000	    0.00000	 400.0	 1	    1.10000	    0.90000;
	29	 1	 0.0	 0.0	 0.0	 0.0	 1	    1.00000	    0.00000	 400.0	 1	    1.10000	    0.90000;
	30	 1	 0.0	 0.0	 0.0	 0.0	 1	    1.00000	    0.00000	 400.0	 1	    1.10000	    0.90000;
	31	 1	 0.0	 0.0	 0.0	 0.0	 1	    1.00000	    0.00000	 400.0	 1	    1.10000	    0.90000;
	32	 1	 0.0	 0.0	 0.0	 0.0	 1	    1.00000	    0.00000	 400.0	 1	    1.10000	    0.90000;
	33	 1	 0.0	 0.0	 0.0	 0.0	 1	    1.00000	    0.00000	 400.0	 1	    1.10000	    0.90000;
	34	 1	 0.0	 0.0	 0.0	 0.0	 1	    1.00000	    0.00000	 400.0	 1	    1.10000	    0.90000;
	35	 1	 0.0	 0.0	 0.0	 0.0	 1	    1.00000	    0.00000	 400.0	 1	    1.10000	    0.90000;
	36	 1	 0.0	 0.0	 0.0	 0.0	 1	    1.00000	    0.00000	 400.0	 1	    1.10000	    0.90000;
	37	 1	 0.0	 0.0	 0.0	 0.0	 1	    1.00000	    0.00000	 400.0	 1	    1.10000	    0.90000;
	38	 2	 0.0	 0.0	 0.0	 0.0	 1	    1.00000	    0.00000	 15.0	 1	    1.10000	    0.90000;
	39	 2	 0.0	 0.0	 0.0	 0.0	 1	    1.00000	    0.00000	 15.0	 1	    1.10000	    0.90000;
	40	 2	 0.0	 0.0	 0.0	 0.0	 1	    1.00000	    0.00000	 15.0	 1	    1.10000	    0.90000;
	41	 2	 0.0	 0.0	 0.0	 0.0	 1	    1.00000	    0.00000	 15.0	 1	    1.10000	    0.90000;
	42	 2	 0.0	 0.0	 0.0	 0.0	 1	    1.00000	    0.00000	 15.0	 1	    1.10000	    0.90000;
	43	 2	 0.0	 0.0	 0.0	 0.0	 1	    1.00000	    0.00000	 15.0	 1	    1.10000	    0.90000;
	44	 2	 0.0	 0.0	 0.0	 0.0	 1	    1.00000	    0.00000	 15.0	 1	    1.10000	    0.90000;
	45	 2	 0.0	 0.0	 0.0	 0.0	 1	    1.00000	    0.00000	 15.0	 1	    1.10000	    0.90000;
	46	 2	 0.0	 0.0	 0.0	 0.0	 1	    1.00000	    0.00000	 15.0	 1	    1.10000	    0.90000;
	47	 2	 0.0	 0.0	 0.0	 0.0	 1	    1.00000	    0.00000	 15.0	 1	    1.10000	    0.90000;
	48	 2	 0.0	 0.0	 0.0	 0.0	 1	    1.00000	    0.00000	 15.0	 1	    1.10000	    0.90000;
	49	 2	 0.0	 0.0	 0.0	 0.0	 1	    1.00000	    0.00000	 15.0	 1	    1.10000	    0.90000;
	50	 2	 0.0	 0.0	 0.0	 0.0	 1	    1.00000	    0.00000	 15.0	 1	    1.10000	    0.90000;
	51	 2	 0.0	 0.0	 0.0	 0.0	 1	    1.00000	    0.00000	 15.0	 1	    1.10000	    0.90000;
	52	 3	 0.0	 0.0	 0.0	 0.0	 1	    1.00000	    0.00000	 15.0	 1	    1.10000	    0.90000;
	53	 2	 0.0	 0.0	 0.0	 0.0	 1	    1.00000	    0.00000	 15.0	 1	    1.10000	    0.90000;
	54	 2	 0.0	 0.0	 0.0	 0.0	 1	    1.00000	    0.00000	 15.0	 1	    1.10000	    0.90000;
	55	 2	 0.0	 0.0	 0.0	 0.0	 1	    1.00000	    0.00000	 15.0	 1	    1.10000	    0.90000;
	56	 2	 0.0	 0.0	 0.0	 0.0	 1	    1.00000	    0.00000	 15.0	 1	    1.10000	    0.90000;
	57	 2	 0.0	 0.0	 0.0	 0.0	 1	    1.00000	    0.00000	 15.0	 1	    1.10000	    0.90000;
	58	 2	 0.0	 0.0	 0.0	 0.0	 1	    1.00000	    0.00000	 15.0	 1	    1.10000	    0.90000;
	59	 2	 0.0	 0.0	 0.0	 0.0	 1	    1.00000	    0.00000	 15.0	 1	    1.10000	    0.90000;
	60	 2	 0.0	 0.0	 0.0	 0.0	 1	    1.00000	    0.00000	 15.0	 1	    1.10000	    0.90000;
];

%% generator data
%	bus	Pg	Qg	Qmax	Qmin	Vg	mBase	status	Pmax	Pmin
mpc.gen = [
	38	 365.0	 0.0	 720.0	 -720.0	 1.0	 800.0	 1	 720.0	 10.0;
	39	 275.0	 0.0	 540.0	 -540.0	 1.0	 600.0	 1	 540.0	 10.0;
	40	 320.0	 0.0	 630.0	 -630.0	 1.0	 700.0	 1	 630.0	 10.0;
	41	 275.0	 0.0	 540.0	 -540.0	 1.0	 600.0	 1	 540.0	 10.0;
	42	 242.5	 50.0	 325.0	 -225.0	 1.0	 400.0	 1	 475.0	 10.0;
	43	 285.0	 100.0	 560.0	 -360.0	 1.0	 600.0	 1	 560.0	 10.0;
	44	 195.0	 40.0	 360.0	 -280.0	 1.0	 400.0	 1	 380.0	 10.0;
	45	 487.5	 100.0	 965.0	 -765.0	 1.0	 1000.0	 1	 965.0	 10.0;
	46	 455.0	 0.0	 900.0	 -900.0	 1.0	 1000.0	 1	 900.0	 10.0;
	47	 365.0	 0.0	 720.0	 -720.0	 1.0	 800.0	 1	 720.0	 10.0;
	48	 290.0	 100.0	 570.0	 -370.0	 1.0	 600.0	 1	 570.0	 10.0;
	49	 292.5	 50.0	 515.0	 -415.0	 1.0	 600.0	 1	 575.0	 10.0;
	50	 0.0	 0.0	 570.0	 -570.0	 1.0	 600.0	 1	 0.0	 0.0;
	51	 320.0	 0.0	 630.0	 -630.0	 1.0	 700.0	 1	 630.0	 10.0;
	52	 1405.0	 650.0	 1840.0	 -540.0	 1.0	 3000.0	 1	 2800.0	 10.0;
	53	 275.0	 20.0	 580.0	 -540.0	 1.0	 600.0	 1	 540.0	 10.0;
	54	 320.0	 0.0	 630.0	 -630.0	 1.0	 700.0	 1	 630.0	 10.0;
	55	 320.0	 0.0	 630.0	 -630.0	 1.0	 700.0	 1	 630.0	 10.0;
	56	 275.0	 0.0	 540.0	 -540.0	 1.0	 600.0	 1	 540.0	 10.0;
	57	 275.0	 0.0	 540.0	 -540.0	 1.0	 600.0	 1	 540.0	 10.0;
	58	 275.0	 0.0	 540.0	 -540.0	 1.0	 600.0	 1	 540.0	 10.0;
	59	 285.0	 35.0	 520.0	 -450.0	 1.0	 600.0	 1	 560.0	 10.0;
	60	 2255.0	 975.0	 4000.0	 -2050.0	 1.0	 5000.0	 1	 4500.0	 10.0;
];

%% generator cost data
%	2	startup	shutdown	n	c(n-1)	...	c0
