%%%%%%%%%%%%%%%%%%%%%%%%%%%%%%%%%%%%%%%%%%%%%%%%%%%%%%%%%%%%%%%%%%%%%%%%%%%
%%%%                                                                  %%%%%
%%%%    IEEE PES Power Grid Library - Optimal Power Flow - v23.07     %%%%%
%%%%          (https://github.com/power-grid-lib/pglib-opf)           %%%%%
%%%%             Benchmark Group - Small Angle Difference             %%%%%
%%%%                         23 - July - 2023                         %%%%%
%%%%                                                                  %%%%%
%%%%%%%%%%%%%%%%%%%%%%%%%%%%%%%%%%%%%%%%%%%%%%%%%%%%%%%%%%%%%%%%%%%%%%%%%%%
function mpc = pglib_opf_case162_ieee_dtc__sad
mpc.version = '2';
mpc.baseMVA = 100.0;

%% bus data
%	bus_i	type	Pd	Qd	Gs	Bs	area	Vm	Va	baseKV	zone	Vmax	Vmin
mpc.bus = [
	1	 1	 0.0	 0.0	 0.0	 -100.0	 1	    1.00000	    0.00000	 345.0	 9	    1.06000	    0.94000;
	2	 1	 0.0	 0.0	 0.0	 0.0	 1	    1.00000	    0.00000	 345.0	 9	    1.06000	    0.94000;
	3	 1	 370.0	 96.9	 0.0	 0.0	 1	    1.00000	    0.00000	 161.0	 12	    1.06000	    0.94000;
	4	 1	 0.0	 0.0	 0.0	 0.0	 1	    1.00000	    0.00000	 345.0	 3	    1.06000	    0.94000;
	5	 1	 0.0	 0.0	 0.0	 -50.0	 1	    1.00000	    0.00000	 345.0	 8	    1.06000	    0.94000;
	6	 2	 0.0	 0.0	 0.0	 0.0	 1	    1.00000	    0.00000	 22.0	 9	    1.06000	    0.94000;
	7	 1	 0.0	 0.0	 0.0	 0.0	 1	    1.00000	    0.00000	 345.0	 9	    1.06000	    0.94000;
	8	 1	 398.0	 0.0	 0.0	 0.0	 1	    1.00000	    0.00000	 115.0	 12	    1.06000	    0.94000;
	9	 1	 0.0	 0.0	 0.0	 0.0	 1	    1.00000	    0.00000	 345.0	 8	    1.06000	    0.94000;
	10	 1	 226.0	 0.0	 0.0	 0.0	 1	    1.00000	    0.00000	 230.0	 12	    1.06000	    0.94000;
	11	 1	 0.0	 0.0	 0.0	 0.0	 1	    1.00000	    0.00000	 230.0	 10	    1.06000	    0.94000;
	12	 1	 193.0	 0.0	 0.0	 0.0	 1	    1.00000	    0.00000	 115.0	 12	    1.06000	    0.94000;
	13	 1	 204.0	 0.0	 0.0	 0.0	 1	    1.00000	    0.00000	 345.0	 12	    1.06000	    0.94000;
	14	 1	 381.0	 0.0	 0.0	 0.0	 1	    1.00000	    0.00000	 161.0	 12	    1.06000	    0.94000;
	15	 1	 -80.0	 0.0	 0.0	 0.0	 1	    1.00000	    0.00000	 230.0	 12	    1.06000	    0.94000;
	16	 1	 -54.2	 0.0	 0.0	 0.0	 1	    1.00000	    0.00000	 161.0	 12	    1.06000	    0.94000;
	17	 1	 -116.5	 0.0	 0.0	 0.0	 1	    1.00000	    0.00000	 161.0	 12	    1.06000	    0.94000;
	18	 1	 34.4	 11.67	 0.0	 0.0	 1	    1.00000	    0.00000	 161.0	 6	    1.06000	    0.94000;
	19	 1	 64.4	 0.0	 0.0	 0.0	 1	    1.00000	    0.00000	 161.0	 12	    1.06000	    0.94000;
	20	 1	 37.9	 12.5	 0.0	 0.0	 1	    1.00000	    0.00000	 69.0	 10	    1.06000	    0.94000;
	21	 1	 -69.8	 0.0	 0.0	 0.0	 1	    1.00000	    0.00000	 161.0	 12	    1.06000	    0.94000;
	22	 1	 17.39	 5.27	 0.0	 0.0	 1	    1.00000	    0.00000	 161.0	 6	    1.06000	    0.94000;
	23	 1	 63.5	 0.0	 0.0	 0.0	 1	    1.00000	    0.00000	 161.0	 12	    1.06000	    0.94000;
	24	 1	 0.0	 0.0	 0.0	 0.0	 1	    1.00000	    0.00000	 161.0	 6	    1.06000	    0.94000;
	25	 1	 0.0	 0.0	 0.0	 -50.0	 1	    1.00000	    0.00000	 345.0	 6	    1.06000	    0.94000;
	26	 1	 0.0	 0.0	 0.0	 -50.0	 1	    1.00000	    0.00000	 345.0	 1	    1.06000	    0.94000;
	27	 1	 324.0	 57.9	 0.0	 0.0	 1	    1.00000	    0.00000	 345.0	 12	    1.06000	    0.94000;
	28	 1	 38.47	 13.17	 0.0	 0.0	 1	    1.00000	    0.00000	 161.0	 6	    1.06000	    0.94000;
	29	 1	 28.31	 9.03	 0.0	 0.0	 1	    1.00000	    0.00000	 161.0	 6	    1.06000	    0.94000;
	30	 1	 101.2	 32.52	 0.0	 15.0	 1	    1.00000	    0.00000	 161.0	 6	    1.06000	    0.94000;
	31	 1	 72.5	 0.0	 0.0	 0.0	 1	    1.00000	    0.00000	 161.0	 12	    1.06000	    0.94000;
	32	 1	 52.7	 15.06	 0.0	 20.0	 1	    1.00000	    0.00000	 161.0	 6	    1.06000	    0.94000;
	33	 1	 45.17	 15.06	 0.0	 20.0	 1	    1.00000	    0.00000	 161.0	 6	    1.06000	    0.94000;
	34	 1	 14.18	 5.25	 0.0	 3.2	 1	    1.00000	    0.00000	 161.0	 1	    1.06000	    0.94000;
	35	 1	 54.48	 14.63	 0.0	 5.0	 1	    1.00000	    0.00000	 161.0	 1	    1.06000	    0.94000;
	36	 1	 31.96	 8.68	 0.0	 3.0	 1	    1.00000	    0.00000	 161.0	 2	    1.06000	    0.94000;
	37	 1	 0.0	 0.0	 0.0	 0.0	 1	    1.00000	    0.00000	 345.0	 11	    1.06000	    0.94000;
	38	 1	 14.76	 4.08	 0.0	 1.5	 1	    1.00000	    0.00000	 161.0	 2	    1.06000	    0.94000;
	39	 1	 0.0	 0.0	 0.0	 0.0	 1	    1.00000	    0.00000	 345.0	 6	    1.06000	    0.94000;
	40	 1	 52.88	 17.6	 0.0	 0.0	 1	    1.00000	    0.00000	 161.0	 1	    1.06000	    0.94000;
	41	 1	 39.2	 12.8	 0.0	 0.0	 1	    1.00000	    0.00000	 161.0	 1	    1.06000	    0.94000;
	42	 1	 0.0	 0.0	 0.0	 0.0	 1	    1.00000	    0.00000	 345.0	 2	    1.06000	    0.94000;
	43	 1	 41.5	 0.0	 0.0	 0.0	 1	    1.00000	    0.00000	 161.0	 12	    1.06000	    0.94000;
	44	 1	 16.32	 3.71	 0.0	 0.0	 1	    1.00000	    0.00000	 161.0	 2	    1.06000	    0.94000;
	45	 1	 20.02	 5.41	 0.0	 1.9	 1	    1.00000	    0.00000	 161.0	 2	    1.06000	    0.94000;
	46	 1	 65.31	 22.3	 0.0	 26.2	 1	    1.00000	    0.00000	 161.0	 10	    1.06000	    0.94000;
	47	 1	 4.82	 1.56	 0.0	 0.0	 1	    1.00000	    0.00000	 161.0	 2	    1.06000	    0.94000;
	48	 1	 33.76	 22.86	 0.0	 0.0	 1	    1.00000	    0.00000	 161.0	 10	    1.06000	    0.94000;
	49	 1	 6.82	 1.78	 0.0	 0.0	 1	    1.00000	    0.00000	 161.0	 2	    1.06000	    0.94000;
	50	 1	 99.7	 0.0	 0.0	 0.0	 1	    1.00000	    0.00000	 161.0	 12	    1.06000	    0.94000;
	51	 1	 0.0	 0.0	 0.0	 0.0	 1	    1.00000	    0.00000	 161.0	 3	    1.06000	    0.94000;
	52	 1	 218.2	 42.8	 0.0	 0.0	 1	    1.00000	    0.00000	 161.0	 3	    1.06000	    0.94000;
	53	 1	 0.0	 0.0	 0.0	 0.0	 1	    1.00000	    0.00000	 161.0	 10	    1.06000	    0.94000;
	54	 1	 70.34	 29.57	 0.0	 0.0	 1	    1.00000	    0.00000	 161.0	 10	    1.06000	    0.94000;
	55	 1	 0.0	 0.0	 0.0	 0.0	 1	    1.00000	    0.00000	 161.0	 1	    1.06000	    0.94000;
	56	 1	 25.29	 7.26	 0.0	 3.2	 1	    1.00000	    0.00000	 161.0	 7	    1.06000	    0.94000;
	57	 1	 48.48	 15.61	 0.0	 0.0	 1	    1.00000	    0.00000	 161.0	 1	    1.06000	    0.94000;
	58	 1	 0.0	 0.0	 0.0	 0.0	 1	    1.00000	    0.00000	 230.0	 10	    1.06000	    0.94000;
	59	 1	 84.43	 27.05	 0.0	 0.0	 1	    1.00000	    0.00000	 230.0	 10	    1.06000	    0.94000;
	60	 1	 244.0	 0.0	 0.0	 0.0	 1	    1.00000	    0.00000	 115.0	 12	    1.06000	    0.94000;
	61	 1	 0.0	 0.0	 0.0	 0.0	 1	    1.00000	    0.00000	 230.0	 10	    1.06000	    0.94000;
	62	 1	 -865.6	 0.0	 0.0	 0.0	 1	    1.00000	    0.00000	 230.0	 12	    1.06000	    0.94000;
	63	 1	 59.1	 0.0	 0.0	 0.0	 1	    1.00000	    0.00000	 230.0	 12	    1.06000	    0.94000;
	64	 1	 0.0	 0.0	 0.0	 0.0	 1	    1.00000	    0.00000	 345.0	 10	    1.06000	    0.94000;
	65	 1	 -26.3	 0.0	 0.0	 0.0	 1	    1.00000	    0.00000	 345.0	 12	    1.06000	    0.94000;
	66	 1	 0.0	 0.0	 0.0	 -50.0	 1	    1.00000	    0.00000	 345.0	 10	    1.06000	    0.94000;
	67	 1	 22.54	 7.03	 0.0	 6.0	 1	    1.00000	    0.00000	 161.0	 7	    1.06000	    0.94000;
	68	 1	 40.42	 12.68	 0.0	 12.0	 1	    1.00000	    0.00000	 161.0	 7	    1.06000	    0.94000;
	69	 1	 0.0	 0.0	 0.0	 0.0	 1	    1.00000	    0.00000	 161.0	 1	    1.06000	    0.94000;
	70	 1	 0.0	 0.0	 0.0	 0.0	 1	    1.00000	    0.00000	 161.0	 1	    1.06000	    0.94000;
	71	 1	 29.87	 11.93	 0.0	 12.0	 1	    1.00000	    0.00000	 161.0	 1	    1.06000	    0.94000;
	72	 1	 427.0	 0.0	 0.0	 0.0	 1	    1.00000	    0.00000	 161.0	 12	    1.06000	    0.94000;
	73	 2	 0.0	 0.0	 0.0	 0.0	 1	    1.00000	    0.00000	 20.0	 1	    1.06000	    0.94000;
	74	 1	 0.0	 0.0	 0.0	 0.0	 1	    1.00000	    0.00000	 345.0	 5	    1.06000	    0.94000;
	75	 1	 0.0	 0.0	 0.0	 -50.0	 1	    1.00000	    0.00000	 345.0	 8	    1.06000	    0.94000;
	76	 2	 0.0	 0.0	 0.0	 0.0	 1	    1.00000	    0.00000	 24.0	 1	    1.06000	    0.94000;
	77	 1	 26.41	 8.78	 0.0	 4.7	 1	    1.00000	    0.00000	 161.0	 1	    1.06000	    0.94000;
	78	 1	 79.12	 0.0	 0.0	 0.0	 1	    1.00000	    0.00000	 161.0	 5	    1.06000	    0.94000;
	79	 1	 0.0	 0.0	 0.0	 0.0	 1	    1.00000	    0.00000	 161.0	 5	    1.06000	    0.94000;
