%%%%%%%%%%%%%%%%%%%%%%%%%%%%%%%%%%%%%%%%%%%%%%%%%%%%%%%%%%%%%%%%%%%%%%%%%%%
%%%%                                                                  %%%%%
%%%%    IEEE PES Power Grid Library - Optimal Power Flow - v17.07     %%%%%
%%%%          (https://github.com/power-grid-lib/pglib-opf)           %%%%%
%%%%             Benchmark Group - Small Angle Difference             %%%%%
%%%%                         27 - June - 2017                         %%%%%
%%%%                                                                  %%%%%
%%%%%%%%%%%%%%%%%%%%%%%%%%%%%%%%%%%%%%%%%%%%%%%%%%%%%%%%%%%%%%%%%%%%%%%%%%%
function mpc = pglib_opf_case24_ieee_rts__sad
mpc.version = '2';
mpc.baseMVA = 100.0;

%% area data
%	area	refbus
mpc.areas = [
	1	 1;
	2	 3;
	3	 8;
	4	 6;
];

%% bus data
%	bus_i	type	Pd	Qd	Gs	Bs	area	Vm	Va	baseKV	zone	Vmax	Vmin
mpc.bus = [
	1	 2	 108.0	 22.0	 0.0	 0.0	 1	    1.03223	   -8.39860	 138.0	 1	    1.05000	    0.95000;
	2	 2	 97.0	 20.0	 0.0	 0.0	 1	    1.02726	   -8.36215	 138.0	 1	    1.05000	    0.95000;
	3	 1	 180.0	 37.0	 0.0	 0.0	 1	    1.01343	  -10.02133	 138.0	 1	    1.05000	    0.95000;
	4	 1	 74.0	 15.0	 0.0	 0.0	 1	    1.00857	  -11.16980	 138.0	 1	    1.05000	    0.95000;
	5	 1	 71.0	 14.0	 0.0	 0.0	 1	    1.02775	  -11.17020	 138.0	 1	    1.05000	    0.95000;
	6	 1	 136.0	 28.0	 0.0	 -100.0	 2	    1.02754	  -13.59340	 138.0	 1	    1.05000	    0.95000;
	7	 2	 125.0	 25.0	 0.0	 0.0	 2	    1.02889	   -3.74283	 138.0	 1	    1.05000	    0.95000;
	8	 1	 171.0	 35.0	 0.0	 0.0	 2	    1.00378	   -9.66140	 138.0	 1	    1.05000	    0.95000;
	9	 1	 175.0	 36.0	 0.0	 0.0	 1	    1.02662	   -9.39709	 138.0	 1	    1.05000	    0.95000;
	10	 1	 195.0	 40.0	 0.0	 0.0	 2	    1.05000	  -10.82735	 138.0	 1	    1.05000	    0.95000;
	11	 1	 0.0	 0.0	 0.0	 0.0	 3	    1.03253	   -4.72832	 230.0	 1	    1.05000	    0.95000;
	12	 1	 0.0	 0.0	 0.0	 0.0	 3	    1.02646	   -3.52654	 230.0	 1	    1.05000	    0.95000;
	13	 3	 265.0	 54.0	 0.0	 0.0	 3	    1.05000	    0.00000	 230.0	 1	    1.05000	    0.95000;
	14	 2	 194.0	 39.0	 0.0	 0.0	 3	    1.05000	   -3.78652	 230.0	 1	    1.05000	    0.95000;
	15	 2	 317.0	 64.0	 0.0	 0.0	 4	    1.04301	    1.56612	 230.0	 1	    1.05000	    0.95000;
	16	 2	 100.0	 20.0	 0.0	 0.0	 4	    1.04741	    1.24268	 230.0	 1	    1.05000	    0.95000;
	17	 1	 0.0	 0.0	 0.0	 0.0	 4	    1.04882	    5.31327	 230.0	 1	    1.05000	    0.95000;
	18	 2	 333.0	 68.0	 0.0	 0.0	 4	    1.05000	    6.57830	 230.0	 1	    1.05000	    0.95000;
	19	 1	 181.0	 37.0	 0.0	 0.0	 3	    1.04059	    0.83016	 230.0	 1	    1.05000	    0.95000;
	20	 1	 128.0	 26.0	 0.0	 0.0	 3	    1.04439	    2.33075	 230.0	 1	    1.05000	    0.95000;
	21	 2	 0.0	 0.0	 0.0	 0.0	 4	    1.05000	    7.26641	 230.0	 1	    1.05000	    0.95000;
	22	 2	 0.0	 0.0	 0.0	 0.0	 4	    1.05000	   12.69533	 230.0	 1	    1.05000	    0.95000;
	23	 2	 0.0	 0.0	 0.0	 0.0	 3	    1.05000	    3.85552	 230.0	 1	    1.05000	    0.95000;
	24	 1	 0.0	 0.0	 0.0	 0.0	 4	    1.01239	   -2.63927	 230.0	 1	    1.05000	    0.95000;
];

%% generator data
%	bus	Pg	Qg	Qmax	Qmin	Vg	mBase	status	Pmax	Pmin	Pc1	Pc2	Qc1min	Qc1max	Qc2min	Qc2max	ramp_agc	ramp_10	ramp_30	ramp_q	apf
mpc.gen = [
	1	 16.0	 5.2	 10.0	 0.0	 1.03223	 100.0	 1	 20.0	 16.0	 0.0	 0.0	 0.0	 0.0	 0.0	 0.0	 0.0	 0.0	 0.0	 0.0	 0.0;
	1	 16.0	 5.2	 10.0	 0.0	 1.03223	 100.0	 1	 20.0	 16.0	 0.0	 0.0	 0.0	 0.0	 0.0	 0.0	 0.0	 0.0	 0.0	 0.0	 0.0;
	1	 76.0	 8.26	 30.0	 -25.0	 1.03223	 100.0	 1	 76.0	 15.2	 0.0	 0.0	 0.0	 0.0	 0.0	 0.0	 0.0	 0.0	 0.0	 0.0	 0.0;
	1	 76.0	 8.26	 30.0	 -25.0	 1.03223	 100.0	 1	 76.0	 15.2	 0.0	 0.0	 0.0	 0.0	 0.0	 0.0	 0.0	 0.0	 0.0	 0.0	 0.0;
	2	 16.0	 0.0	 10.0	 0.0	 1.02726	 100.0	 1	 20.0	 16.0	 0.0	 0.0	 0.0	 0.0	 0.0	 0.0	 0.0	 0.0	 0.0	 0.0	 0.0;
	2	 16.0	 0.0	 10.0	 0.0	 1.02726	 100.0	 1	 20.0	 16.0	 0.0	 0.0	 0.0	 0.0	 0.0	 0.0	 0.0	 0.0	 0.0	 0.0	 0.0;
	2	 76.0	 -25.0	 30.0	 -25.0	 1.02726	 100.0	 1	 76.0	 15.2	 0.0	 0.0	 0.0	 0.0	 0.0	 0.0	 0.0	 0.0	 0.0	 0.0	 0.0;
	2	 76.0	 -25.0	 30.0	 -25.0	 1.02726	 100.0	 1	 76.0	 15.2	 0.0	 0.0	 0.0	 0.0	 0.0	 0.0	 0.0	 0.0	 0.0	 0.0	 0.0;
	7	 99.977	 9.957	 60.0	 0.0	 1.02889	 100.0	 1	 100.0	 25.0	 0.0	 0.0	 0.0	 0.0	 0.0	 0.0	 0.0	 0.0	 0.0	 0.0	 0.0;
	7	 99.977	 9.957	 60.0	 0.0	 1.02889	 100.0	 1	 100.0	 25.0	 0.0	 0.0	 0.0	 0.0	 0.0	 0.0	 0.0	 0.0	 0.0	 0.0	 0.0;
	7	 99.977	 9.957	 60.0	 0.0	 1.02889	 100.0	 1	 100.0	 25.0	 0.0	 0.0	 0.0	 0.0	 0.0	 0.0	 0.0	 0.0	 0.0	 0.0	 0.0;
	13	 171.905	 35.415	 80.0	 0.0	 1.05	 100.0	 1	 197.0	 69.0	 0.0	 0.0	 0.0	 0.0	 0.0	 0.0	 0.0	 0.0	 0.0	 0.0	 0.0;
	13	 171.905	 35.415	 80.0	 0.0	 1.05	 100.0	 1	 197.0	 69.0	 0.0	 0.0	 0.0	 0.0	 0.0	 0.0	 0.0	 0.0	 0.0	 0.0	 0.0;
	13	 171.905	 35.415	 80.0	 0.0	 1.05	 100.0	 1	 197.0	 69.0	 0.0	 0.0	 0.0	 0.0	 0.0	 0.0	 0.0	 0.0	 0.0	 0.0	 0.0;
	14	 0.0	 116.667	 200.0	 -50.0	 1.05	 100.0	 1	 0.0	 0.0	 0.0	 0.0	 0.0	 0.0	 0.0	 0.0	 0.0	 0.0	 0.0	 0.0	 0.0;
	15	 2.4	 6.0	 6.0	 0.0	 1.04301	 100.0	 1	 12.0	 2.4	 0.0	 0.0	 0.0	 0.0	 0.0	 0.0	 0.0	 0.0	 0.0	 0.0	 0.0;
	15	 2.4	 6.0	 6.0	 0.0	 1.04301	 100.0	 1	 12.0	 2.4	 0.0	 0.0	 0.0	 0.0	 0.0	 0.0	 0.0	 0.0	 0.0	 0.0	 0.0;
	15	 2.4	 6.0	 6.0	 0.0	 1.04301	 100.0	 1	 12.0	 2.4	 0.0	 0.0	 0.0	 0.0	 0.0	 0.0	 0.0	 0.0	 0.0	 0.0	 0.0;
	15	 2.4	 6.0	 6.0	 0.0	 1.04301	 100.0	 1	 12.0	 2.4	 0.0	 0.0	 0.0	 0.0	 0.0	 0.0	 0.0	 0.0	 0.0	 0.0	 0.0;
	15	 2.4	 6.0	 6.0	 0.0	 1.04301	 100.0	 1	 12.0	 2.4	 0.0	 0.0	 0.0	 0.0	 0.0	 0.0	 0.0	 0.0	 0.0	 0.0	 0.0;
	15	 54.3	 80.0	 80.0	 -50.0	 1.04301	 100.0	 1	 155.0	 54.3	 0.0	 0.0	 0.0	 0.0	 0.0	 0.0	 0.0	 0.0	 0.0	 0.0	 0.0;
	16	 54.3	 80.0	 80.0	 -50.0	 1.04741	 100.0	 1	 155.0	 54.3	 0.0	 0.0	 0.0	 0.0	 0.0	 0.0	 0.0	 0.0	 0.0	 0.0	 0.0;
	18	 400.0	 63.301	 200.0	 -50.0	 1.05	 100.0	 1	 400.0	 100.0	 0.0	 0.0	 0.0	 0.0	 0.0	 0.0	 0.0	 0.0	 0.0	 0.0	 0.0;
	21	 393.603	 -15.766	 200.0	 -50.0	 1.05	 100.0	 1	 400.0	 100.0	 0.0	 0.0	 0.0	 0.0	 0.0	 0.0	 0.0	 0.0	 0.0	 0.0	 0.0;
	22	 47.62	 -6.591	 16.0	 -10.0	 1.05	 100.0	 1	 50.0	 10.0	 0.0	 0.0	 0.0	 0.0	 0.0	 0.0	 0.0	 0.0	 0.0	 0.0	 0.0;
	22	 47.62	 -6.591	 16.0	 -10.0	 1.05	 100.0	 1	 50.0	 10.0	 0.0	 0.0	 0.0	 0.0	 0.0	 0.0	 0.0	 0.0	 0.0	 0.0	 0.0;
	22	 47.62	 -6.591	 16.0	 -10.0	 1.05	 100.0	 1	 50.0	 10.0	 0.0	 0.0	 0.0	 0.0	 0.0	 0.0	 0.0	 0.0	 0.0	 0.0	 0.0;
	22	 47.62	 -6.591	 16.0	 -10.0	 1.05	 100.0	 1	 50.0	 10.0	 0.0	 0.0	 0.0	 0.0	 0.0	 0.0	 0.0	 0.0	 0.0	 0.0	 0.0;
	22	 47.62	 -6.591	 16.0	 -10.0	 1.05	 100.0	 1	 50.0	 10.0	 0.0	 0.0	 0.0	 0.0	 0.0	 0.0	 0.0	 0.0	 0.0	 0.0	 0.0;
	22	 47.62	 -6.591	 16.0	 -10.0	 1.05	 100.0	 1	 50.0	 10.0	 0.0	 0.0	 0.0	 0.0	 0.0	 0.0	 0.0	 0.0	 0.0	 0.0	 0.0;
	23	 120.997	 -8.988	 80.0	 -50.0	 1.05	 100.0	 1	 155.0	 54.3	 0.0	 0.0	 0.0	 0.0	 0.0	 0.0	 0.0	 0.0	 0.0	 0.0	 0.0;
	23	 120.997	 -8.988	 80.0	 -50.0	 1.05	 100.0	 1	 155.0	 54.3	 0.0	 0.0	 0.0	 0.0	 0.0	 0.0	 0.0	 0.0	 0.0	 0.0	 0.0;
	23	 261.238	 22.627	 150.0	 -25.0	 1.05	 100.0	 1	 350.0	 140.0	 0.0	 0.0	 0.0	 0.0	 0.0	 0.0	 0.0	 0.0	 0.0	 0.0	 0.0;
];

%% generator cost data
%	2	startup	shutdown	n	c(n-1)	...	c0
