%%%%%%%%%%%%%%%%%%%%%%%%%%%%%%%%%%%%%%%%%%%%%%%%%%%%%%%%%%%%%%%%%%%%%%%%%%%
%%%%                                                                  %%%%%
%%%%    IEEE PES Power Grid Library - Optimal Power Flow - v17.07     %%%%%
%%%%          (https://github.com/power-grid-lib/pglib-opf)           %%%%%
%%%%             Benchmark Group - Small Angle Difference             %%%%%
%%%%                         27 - June - 2017                         %%%%%
%%%%                                                                  %%%%%
%%%%%%%%%%%%%%%%%%%%%%%%%%%%%%%%%%%%%%%%%%%%%%%%%%%%%%%%%%%%%%%%%%%%%%%%%%%
function mpc = pglib_opf_case118_ieee__sad
mpc.version = '2';
mpc.baseMVA = 100.0;

%% bus data
%	bus_i	type	Pd	Qd	Gs	Bs	area	Vm	Va	baseKV	zone	Vmax	Vmin
mpc.bus = [
	1	 2	 51.0	 27.0	 0.0	 0.0	 1	    1.02456	  -19.55466	 138.0	 1	    1.06000	    0.94000;
	2	 1	 20.0	 9.0	 0.0	 0.0	 1	    1.03143	  -19.09373	 138.0	 1	    1.06000	    0.94000;
	3	 1	 39.0	 10.0	 0.0	 0.0	 1	    1.03239	  -18.64921	 138.0	 1	    1.06000	    0.94000;
	4	 2	 39.0	 12.0	 0.0	 0.0	 1	    1.05886	  -15.02455	 138.0	 1	    1.06000	    0.94000;
	5	 1	 0.0	 0.0	 0.0	 -40.0	 1	    1.06000	  -14.55693	 138.0	 1	    1.06000	    0.94000;
	6	 2	 52.0	 22.0	 0.0	 0.0	 1	    1.05106	  -17.30707	 138.0	 1	    1.06000	    0.94000;
	7	 1	 19.0	 2.0	 0.0	 0.0	 1	    1.04760	  -17.78201	 138.0	 1	    1.06000	    0.94000;
	8	 2	 28.0	 0.0	 0.0	 0.0	 1	    1.06000	   -9.53899	 345.0	 1	    1.06000	    0.94000;
	9	 1	 0.0	 0.0	 0.0	 0.0	 1	    1.06000	   -1.74935	 345.0	 1	    1.06000	    0.94000;
	10	 2	 0.0	 0.0	 0.0	 0.0	 1	    1.04112	    6.80966	 345.0	 1	    1.06000	    0.94000;
	11	 1	 70.0	 23.0	 0.0	 0.0	 1	    1.04193	  -17.59546	 138.0	 1	    1.06000	    0.94000;
	12	 2	 47.0	 10.0	 0.0	 0.0	 1	    1.04350	  -18.22666	 138.0	 1	    1.06000	    0.94000;
	13	 1	 34.0	 16.0	 0.0	 0.0	 1	    1.03038	  -18.87027	 138.0	 1	    1.06000	    0.94000;
	14	 1	 14.0	 1.0	 0.0	 0.0	 1	    1.04306	  -18.88009	 138.0	 1	    1.06000	    0.94000;
	15	 2	 90.0	 30.0	 0.0	 0.0	 1	    1.04490	  -19.16014	 138.0	 1	    1.06000	    0.94000;
	16	 1	 25.0	 10.0	 0.0	 0.0	 1	    1.04044	  -18.44522	 138.0	 1	    1.06000	    0.94000;
	17	 1	 11.0	 3.0	 0.0	 0.0	 1	    1.05619	  -16.71377	 138.0	 1	    1.06000	    0.94000;
	18	 2	 60.0	 34.0	 0.0	 0.0	 1	    1.05053	  -18.89769	 138.0	 1	    1.06000	    0.94000;
	19	 2	 45.0	 25.0	 0.0	 0.0	 1	    1.04469	  -19.40294	 138.0	 1	    1.06000	    0.94000;
	20	 1	 18.0	 3.0	 0.0	 0.0	 1	    1.03060	  -18.63725	 138.0	 1	    1.06000	    0.94000;
	21	 1	 14.0	 8.0	 0.0	 0.0	 1	    1.02416	  -17.24340	 138.0	 1	    1.06000	    0.94000;
	22	 1	 10.0	 5.0	 0.0	 0.0	 1	    1.02611	  -14.96671	 138.0	 1	    1.06000	    0.94000;
	23	 1	 7.0	 3.0	 0.0	 0.0	 1	    1.03959	  -10.46168	 138.0	 1	    1.06000	    0.94000;
	24	 2	 13.0	 0.0	 0.0	 0.0	 1	    1.05347	  -10.32000	 138.0	 1	    1.06000	    0.94000;
	25	 2	 0.0	 0.0	 0.0	 0.0	 1	    1.06000	   -4.59296	 138.0	 1	    1.06000	    0.94000;
	26	 2	 0.0	 0.0	 0.0	 0.0	 1	    1.05479	   -1.44419	 345.0	 1	    1.06000	    0.94000;
	27	 2	 71.0	 13.0	 0.0	 0.0	 1	    0.94000	  -15.00392	 138.0	 1	    1.06000	    0.94000;
	28	 1	 17.0	 7.0	 0.0	 0.0	 1	    0.94907	  -16.60689	 138.0	 1	    1.06000	    0.94000;
	29	 1	 24.0	 4.0	 0.0	 0.0	 1	    0.96805	  -17.42320	 138.0	 1	    1.06000	    0.94000;
	30	 1	 0.0	 0.0	 0.0	 0.0	 1	    1.03722	  -11.85515	 345.0	 1	    1.06000	    0.94000;
	31	 2	 43.0	 27.0	 0.0	 0.0	 1	    0.97806	  -17.26939	 138.0	 1	    1.06000	    0.94000;
	32	 2	 59.0	 23.0	 0.0	 0.0	 1	    0.98111	  -15.89097	 138.0	 1	    1.06000	    0.94000;
	33	 1	 23.0	 9.0	 0.0	 0.0	 1	    1.04418	  -19.66455	 138.0	 1	    1.06000	    0.94000;
	34	 2	 59.0	 26.0	 0.0	 14.0	 1	    1.05842	  -19.12073	 138.0	 1	    1.06000	    0.94000;
	35	 1	 33.0	 9.0	 0.0	 0.0	 1	    1.05557	  -19.51782	 138.0	 1	    1.06000	    0.94000;
	36	 2	 31.0	 17.0	 0.0	 0.0	 1	    1.05617	  -19.53234	 138.0	 1	    1.06000	    0.94000;
	37	 1	 0.0	 0.0	 0.0	 -25.0	 1	    1.06000	  -18.65289	 138.0	 1	    1.06000	    0.94000;
	38	 1	 0.0	 0.0	 0.0	 0.0	 1	    1.01518	  -13.82334	 345.0	 1	    1.06000	    0.94000;
	39	 1	 27.0	 11.0	 0.0	 0.0	 1	    1.01982	  -21.72192	 138.0	 1	    1.06000	    0.94000;
	40	 2	 66.0	 23.0	 0.0	 0.0	 1	    1.00796	  -22.74202	 138.0	 1	    1.06000	    0.94000;
	41	 1	 37.0	 10.0	 0.0	 0.0	 1	    0.98311	  -22.99381	 138.0	 1	    1.06000	    0.94000;
	42	 2	 96.0	 23.0	 0.0	 0.0	 1	    0.94083	  -20.82193	 138.0	 1	    1.06000	    0.94000;
	43	 1	 18.0	 7.0	 0.0	 0.0	 1	    1.04484	  -19.19086	 138.0	 1	    1.06000	    0.94000;
	44	 1	 16.0	 8.0	 0.0	 10.0	 1	    1.03948	  -17.00655	 138.0	 1	    1.06000	    0.94000;
	45	 1	 53.0	 22.0	 0.0	 10.0	 1	    1.03537	  -15.34252	 138.0	 1	    1.06000	    0.94000;
	46	 2	 28.0	 10.0	 0.0	 10.0	 1	    1.05304	  -12.73922	 138.0	 1	    1.06000	    0.94000;
	47	 1	 34.0	 0.0	 0.0	 0.0	 1	    1.05209	  -10.39067	 138.0	 1	    1.06000	    0.94000;
	48	 1	 20.0	 11.0	 0.0	 15.0	 1	    1.05617	  -11.37768	 138.0	 1	    1.06000	    0.94000;
	49	 2	 87.0	 30.0	 0.0	 0.0	 1	    1.05652	  -10.41096	 138.0	 1	    1.06000	    0.94000;
	50	 1	 17.0	 4.0	 0.0	 0.0	 1	    1.04516	  -11.88181	 138.0	 1	    1.06000	    0.94000;
	51	 1	 17.0	 8.0	 0.0	 0.0	 1	    1.02685	  -13.72468	 138.0	 1	    1.06000	    0.94000;
	52	 1	 18.0	 5.0	 0.0	 0.0	 1	    1.02096	  -14.44199	 138.0	 1	    1.06000	    0.94000;
	53	 1	 23.0	 11.0	 0.0	 0.0	 1	    1.01904	  -14.89784	 138.0	 1	    1.06000	    0.94000;
	54	 2	 113.0	 32.0	 0.0	 0.0	 1	    1.03267	  -13.81044	 138.0	 1	    1.06000	    0.94000;
	55	 2	 63.0	 22.0	 0.0	 0.0	 1	    1.03218	  -13.94658	 138.0	 1	    1.06000	    0.94000;
	56	 2	 84.0	 18.0	 0.0	 0.0	 1	    1.03210	  -13.84999	 138.0	 1	    1.06000	    0.94000;
	57	 1	 12.0	 3.0	 0.0	 0.0	 1	    1.03515	  -13.37969	 138.0	 1	    1.06000	    0.94000;
	58	 1	 12.0	 3.0	 0.0	 0.0	 1	    1.02706	  -14.04023	 138.0	 1	    1.06000	    0.94000;
	59	 2	 277.0	 113.0	 0.0	 0.0	 1	    1.05722	   -8.37422	 138.0	 1	    1.06000	    0.94000;
	60	 1	 78.0	 3.0	 0.0	 0.0	 1	    1.02469	   -6.38416	 138.0	 1	    1.06000	    0.94000;
	61	 2	 0.0	 0.0	 0.0	 0.0	 1	    1.02448	   -5.50647	 138.0	 1	    1.06000	    0.94000;
	62	 2	 77.0	 14.0	 0.0	 0.0	 1	    1.02138	   -6.86422	 138.0	 1	    1.06000	    0.94000;
	63	 1	 0.0	 0.0	 0.0	 0.0	 1	    1.01756	   -6.40280	 345.0	 1	    1.06000	    0.94000;
	64	 1	 0.0	 0.0	 0.0	 0.0	 1	    1.01906	   -5.29723	 345.0	 1	    1.06000	    0.94000;
	65	 2	 0.0	 0.0	 0.0	 0.0	 1	    1.02502	   -3.41238	 345.0	 1	    1.06000	    0.94000;
	66	 2	 39.0	 18.0	 0.0	 0.0	 1	    1.06000	   -6.77313	 138.0	 1	    1.06000	    0.94000;
	67	 1	 28.0	 7.0	 0.0	 0.0	 1	    1.03668	   -7.59691	 138.0	 1	    1.06000	    0.94000;
	68	 1	 0.0	 0.0	 0.0	 0.0	 1	    1.04253	   -1.85885	 345.0	 1	    1.06000	    0.94000;
	69	 3	 0.0	 0.0	 0.0	 0.0	 1	    1.06000	    0.00000	 138.0	 1	    1.06000	    0.94000;
	70	 2	 66.0	 20.0	 0.0	 0.0	 1	    1.04313	   -6.66531	 138.0	 1	    1.06000	    0.94000;
	71	 1	 0.0	 0.0	 0.0	 0.0	 1	    1.05000	   -7.29174	 138.0	 1	    1.06000	    0.94000;
	72	 2	 12.0	 0.0	 0.0	 0.0	 1	    1.06000	   -9.47708	 138.0	 1	    1.06000	    0.94000;
	73	 2	 6.0	 0.0	 0.0	 0.0	 1	    1.05515	   -7.49139	 138.0	 1	    1.06000	    0.94000;
	74	 2	 68.0	 27.0	 0.0	 12.0	 1	    1.01724	   -6.48468	 138.0	 1	    1.06000	    0.94000;
	75	 1	 47.0	 11.0	 0.0	 0.0	 1	    1.01921	   -4.92457	 138.0	 1	    1.06000	    0.94000;
	76	 2	 68.0	 36.0	 0.0	 0.0	 1	    0.99916	   -4.42061	 138.0	 1	    1.06000	    0.94000;
	77	 2	 61.0	 28.0	 0.0	 0.0	 1	    1.04059	    2.68693	 138.0	 1	    1.06000	    0.94000;
	78	 1	 71.0	 26.0	 0.0	 0.0	 1	    1.03670	    2.55982	 138.0	 1	    1.06000	    0.94000;
	79	 1	 39.0	 32.0	 0.0	 20.0	 1	    1.03923	    3.13303	 138.0	 1	    1.06000	    0.94000;
