%%%%%%%%%%%%%%%%%%%%%%%%%%%%%%%%%%%%%%%%%%%%%%%%%%%%%%%%%%%%%%%%%%%%%%%%%%%
%%%%                                                                  %%%%%
%%%%    IEEE PES Power Grid Library - Optimal Power Flow - v17.07     %%%%%
%%%%          (https://github.com/power-grid-lib/pglib-opf)           %%%%%
%%%%             Benchmark Group - Small Angle Difference             %%%%%
%%%%                         27 - June - 2017                         %%%%%
%%%%                                                                  %%%%%
%%%%%%%%%%%%%%%%%%%%%%%%%%%%%%%%%%%%%%%%%%%%%%%%%%%%%%%%%%%%%%%%%%%%%%%%%%%
function mpc = pglib_opf_case30_as__sad
mpc.version = '2';
mpc.baseMVA = 100.0;

%% area data
%	area	refbus
mpc.areas = [
	1	 1;
];

%% bus data
%	bus_i	type	Pd	Qd	Gs	Bs	area	Vm	Va	baseKV	zone	Vmax	Vmin
mpc.bus = [
	1	 3	 0.0	 0.0	 0.0	 0.0	 1	    1.05000	    0.00000	 135.0	 1	    1.05000	    0.95000;
	2	 2	 21.7	 12.7	 0.0	 0.0	 1	    1.04961	   -2.57729	 135.0	 1	    1.10000	    0.95000;
	3	 1	 2.4	 1.2	 0.0	 0.0	 1	    1.02540	   -3.45789	 135.0	 1	    1.05000	    0.95000;
	4	 1	 7.6	 1.6	 0.0	 0.0	 1	    1.01971	   -4.12742	 135.0	 1	    1.05000	    0.95000;
	5	 1	 94.2	 19.0	 0.0	 0.0	 1	    0.97471	   -6.07702	 135.0	 1	    1.05000	    0.95000;
	6	 1	 0.0	 0.0	 0.0	 0.0	 1	    1.00610	   -4.59796	 135.0	 1	    1.05000	    0.95000;
	7	 1	 22.8	 10.9	 0.0	 0.0	 1	    0.98471	   -5.76091	 135.0	 1	    1.05000	    0.95000;
	8	 1	 30.0	 30.0	 0.0	 0.0	 1	    0.99283	   -4.34594	 135.0	 1	    1.05000	    0.95000;
	9	 1	 0.0	 0.0	 0.0	 0.0	 1	    1.02345	   -5.14916	 135.0	 1	    1.05000	    0.95000;
	10	 1	 5.8	 2.0	 0.0	 5.26	 1	    1.02022	   -7.24791	 135.0	 1	    1.05000	    0.95000;
	11	 1	 0.0	 0.0	 0.0	 0.0	 1	    1.05000	   -1.82029	 135.0	 1	    1.05000	    0.95000;
	12	 1	 11.2	 7.5	 0.0	 0.0	 1	    1.05000	   -6.63570	 135.0	 1	    1.05000	    0.95000;
	13	 2	 0.0	 0.0	 0.0	 0.0	 1	    1.09763	   -4.60809	 135.0	 1	    1.10000	    0.95000;
	14	 1	 6.2	 1.6	 0.0	 0.0	 1	    1.03519	   -7.61596	 135.0	 1	    1.05000	    0.95000;
	15	 1	 8.2	 2.5	 0.0	 0.0	 1	    1.03017	   -7.78785	 135.0	 1	    1.05000	    0.95000;
	16	 1	 3.5	 1.8	 0.0	 0.0	 1	    1.03013	   -7.16172	 135.0	 1	    1.05000	    0.95000;
	17	 1	 9.0	 5.8	 0.0	 0.0	 1	    1.01777	   -7.43430	 135.0	 1	    1.05000	    0.95000;
	18	 1	 3.2	 0.9	 0.0	 0.0	 1	    1.01436	   -8.31217	 135.0	 1	    1.05000	    0.95000;
	19	 1	 9.5	 3.4	 0.0	 0.0	 1	    1.00816	   -8.42808	 135.0	 1	    1.05000	    0.95000;
	20	 1	 2.2	 0.7	 0.0	 0.0	 1	    1.01039	   -8.19031	 135.0	 1	    1.05000	    0.95000;
	21	 1	 17.5	 11.2	 0.0	 0.0	 1	    1.01348	   -7.89875	 135.0	 1	    1.05000	    0.95000;
	22	 2	 0.0	 0.0	 0.0	 0.0	 1	    1.01588	   -7.94665	 135.0	 1	    1.10000	    0.95000;
	23	 2	 3.2	 1.6	 0.0	 0.0	 1	    1.02528	   -8.58343	 135.0	 1	    1.10000	    0.95000;
	24	 1	 8.7	 6.7	 0.0	 25.0	 1	    1.02741	   -9.29377	 135.0	 1	    1.05000	    0.95000;
	25	 1	 0.0	 0.0	 0.0	 0.0	 1	    1.00522	   -8.93152	 135.0	 1	    1.05000	    0.95000;
	26	 1	 3.5	 2.3	 0.0	 0.0	 1	    0.98733	   -9.36154	 135.0	 1	    1.05000	    0.95000;
	27	 2	 0.0	 0.0	 0.0	 0.0	 1	    1.00013	   -8.45599	 135.0	 1	    1.10000	    0.95000;
	28	 1	 0.0	 0.0	 0.0	 0.0	 1	    1.00124	   -4.95626	 135.0	 1	    1.05000	    0.95000;
	29	 1	 2.4	 0.9	 0.0	 0.0	 1	    0.97978	   -9.74470	 135.0	 1	    1.05000	    0.95000;
	30	 1	 10.6	 1.9	 0.0	 0.0	 1	    0.96801	  -10.67114	 135.0	 1	    1.05000	    0.95000;
];

%% generator data
%	bus	Pg	Qg	Qmax	Qmin	Vg	mBase	status	Pmax	Pmin	Pc1	Pc2	Qc1min	Qc1max	Qc2min	Qc2max	ramp_agc	ramp_10	ramp_30	ramp_q	apf
mpc.gen = [
	1	 114.888	 -20.0	 250.0	 -20.0	 1.05	 100.0	 1	 200.0	 50.0	 0.0	 0.0	 0.0	 0.0	 0.0	 0.0	 0.0	 0.0	 0.0	 0.0	 0.0;
	2	 30.809	 95.382	 100.0	 -20.0	 1.04961	 100.0	 1	 80.0	 20.0	 0.0	 0.0	 0.0	 0.0	 0.0	 0.0	 0.0	 0.0	 0.0	 0.0	 0.0;
	5	 49.499	 -15.0	 80.0	 -15.0	 0.97471	 100.0	 1	 50.0	 15.0	 0.0	 0.0	 0.0	 0.0	 0.0	 0.0	 0.0	 0.0	 0.0	 0.0	 0.0;
	8	 35.0	 -8.323	 60.0	 -15.0	 0.99283	 100.0	 1	 35.0	 10.0	 0.0	 0.0	 0.0	 0.0	 0.0	 0.0	 0.0	 0.0	 0.0	 0.0	 0.0;
	11	 30.0	 14.276	 50.0	 -10.0	 1.05	 100.0	 1	 30.0	 10.0	 0.0	 0.0	 0.0	 0.0	 0.0	 0.0	 0.0	 0.0	 0.0	 0.0	 0.0;
	13	 29.127	 37.862	 60.0	 -15.0	 1.09763	 100.0	 1	 40.0	 12.0	 0.0	 0.0	 0.0	 0.0	 0.0	 0.0	 0.0	 0.0	 0.0	 0.0	 0.0;
];

%% generator cost data
%	2	startup	shutdown	n	c(n-1)	...	c0
mpc.gencost = [
	2	 0.0	 0.0	 3	   0.003750	   2.000000	   0.000000;
	2	 0.0	 0.0	 3	   0.017500	   1.750000	   0.000000;
	2	 0.0	 0.0	 3	   0.062500	   1.000000	   0.000000;
	2	 0.0	 0.0	 3	   0.008340	   3.250000	   0.000000;
	2	 0.0	 0.0	 3	   0.025000	   3.000000	   0.000000;
	2	 0.0	 0.0	 3	   0.025000	   3.000000	   0.000000;
];

%% branch data
%	fbus	tbus	r	x	b	rateA	rateB	rateC	ratio	angle	status	angmin	angmax
