%%%%%%%%%%%%%%%%%%%%%%%%%%%%%%%%%%%%%%%%%%%%%%%%%%%%%%%%%%%%%%%%%%%%%%%%%%%
%%%%                                                                  %%%%%
%%%%    IEEE PES Power Grid Library - Optimal Power Flow - v17.07     %%%%%
%%%%          (https://github.com/power-grid-lib/pglib-opf)           %%%%%
%%%%             Benchmark Group - Small Angle Difference             %%%%%
%%%%                         27 - June - 2017                         %%%%%
%%%%                                                                  %%%%%
%%%%%%%%%%%%%%%%%%%%%%%%%%%%%%%%%%%%%%%%%%%%%%%%%%%%%%%%%%%%%%%%%%%%%%%%%%%
function mpc = pglib_opf_case57_ieee__sad
mpc.version = '2';
mpc.baseMVA = 100.0;

%% bus data
%	bus_i	type	Pd	Qd	Gs	Bs	area	Vm	Va	baseKV	zone	Vmax	Vmin
mpc.bus = [
	1	 3	 55.0	 17.0	 0.0	 0.0	 1	    1.00804	   -0.00000	 0.0	 1	    1.06000	    0.94000;
	2	 2	 3.0	 88.0	 0.0	 0.0	 1	    0.99654	   -0.59340	 0.0	 1	    1.06000	    0.94000;
	3	 2	 41.0	 21.0	 0.0	 0.0	 1	    0.98476	   -2.69458	 0.0	 1	    1.06000	    0.94000;
	4	 1	 0.0	 0.0	 0.0	 0.0	 1	    0.98912	   -3.53964	 0.0	 1	    1.06000	    0.94000;
	5	 1	 13.0	 4.0	 0.0	 0.0	 1	    0.99875	   -4.00159	 0.0	 1	    1.06000	    0.94000;
	6	 2	 75.0	 2.0	 0.0	 0.0	 1	    1.00872	   -3.78291	 0.0	 1	    1.06000	    0.94000;
	7	 1	 0.0	 0.0	 0.0	 0.0	 1	    1.02617	   -2.18696	 0.0	 1	    1.06000	    0.94000;
	8	 2	 150.0	 22.0	 0.0	 0.0	 1	    1.06000	    1.16100	 0.0	 1	    1.06000	    0.94000;
	9	 2	 121.0	 26.0	 0.0	 0.0	 1	    1.00512	   -3.52391	 0.0	 1	    1.06000	    0.94000;
	10	 1	 5.0	 2.0	 0.0	 0.0	 1	    0.98882	   -4.69369	 0.0	 1	    1.06000	    0.94000;
	11	 1	 0.0	 0.0	 0.0	 0.0	 1	    0.98478	   -4.41220	 0.0	 1	    1.06000	    0.94000;
	12	 2	 377.0	 24.0	 0.0	 0.0	 1	    0.99956	   -2.80079	 0.0	 1	    1.06000	    0.94000;
	13	 1	 18.0	 2.3	 0.0	 0.0	 1	    0.97788	   -4.24457	 0.0	 1	    1.06000	    0.94000;
	14	 1	 10.5	 5.3	 0.0	 0.0	 1	    0.96777	   -4.62811	 0.0	 1	    1.06000	    0.94000;
	15	 1	 22.0	 5.0	 0.0	 0.0	 1	    0.98179	   -3.60239	 0.0	 1	    1.06000	    0.94000;
	16	 1	 43.0	 3.0	 0.0	 0.0	 1	    0.99630	   -3.44847	 0.0	 1	    1.06000	    0.94000;
	17	 1	 42.0	 8.0	 0.0	 0.0	 1	    0.99505	   -2.63402	 0.0	 1	    1.06000	    0.94000;
	18	 1	 27.2	 9.8	 0.0	 10.0	 1	    1.00867	   -7.77703	 0.0	 1	    1.06000	    0.94000;
	19	 1	 3.3	 0.6	 0.0	 0.0	 1	    0.97782	   -8.87947	 0.0	 1	    1.06000	    0.94000;
	20	 1	 2.3	 1.0	 0.0	 0.0	 1	    0.97097	   -8.85267	 0.0	 1	    1.06000	    0.94000;
	21	 1	 0.0	 0.0	 0.0	 0.0	 1	    1.01181	   -8.06322	 0.0	 1	    1.06000	    0.94000;
	22	 1	 0.0	 0.0	 0.0	 0.0	 1	    1.01291	   -7.94987	 0.0	 1	    1.06000	    0.94000;
	23	 1	 6.3	 2.1	 0.0	 0.0	 1	    1.01229	   -8.00153	 0.0	 1	    1.06000	    0.94000;
	24	 1	 0.0	 0.0	 0.0	 0.0	 1	    1.01642	   -8.12474	 0.0	 1	    1.06000	    0.94000;
	25	 1	 6.3	 3.2	 0.0	 5.9	 1	    0.99894	  -12.94147	 0.0	 1	    1.06000	    0.94000;
	26	 1	 0.0	 0.0	 0.0	 0.0	 1	    0.97680	   -7.71805	 0.0	 1	    1.06000	    0.94000;
	27	 1	 9.3	 0.5	 0.0	 0.0	 1	    1.01375	   -6.07388	 0.0	 1	    1.06000	    0.94000;
	28	 1	 4.6	 2.3	 0.0	 0.0	 1	    1.03407	   -5.02203	 0.0	 1	    1.06000	    0.94000;
	29	 1	 17.0	 2.6	 0.0	 0.0	 1	    1.05081	   -4.31880	 0.0	 1	    1.06000	    0.94000;
	30	 1	 3.6	 1.8	 0.0	 0.0	 1	    0.97829	  -13.47558	 0.0	 1	    1.06000	    0.94000;
	31	 1	 5.8	 2.9	 0.0	 0.0	 1	    0.94928	  -14.13485	 0.0	 1	    1.06000	    0.94000;
	32	 1	 1.6	 0.8	 0.0	 0.0	 1	    0.95896	  -13.30444	 0.0	 1	    1.06000	    0.94000;
	33	 1	 3.8	 1.9	 0.0	 0.0	 1	    0.95669	  -13.34336	 0.0	 1	    1.06000	    0.94000;
	34	 1	 0.0	 0.0	 0.0	 0.0	 1	    0.96419	   -9.16281	 0.0	 1	    1.06000	    0.94000;
	35	 1	 6.0	 3.0	 0.0	 0.0	 1	    0.97068	   -8.92212	 0.0	 1	    1.06000	    0.94000;
	36	 1	 0.0	 0.0	 0.0	 0.0	 1	    0.97989	   -8.65102	 0.0	 1	    1.06000	    0.94000;
	37	 1	 0.0	 0.0	 0.0	 0.0	 1	    0.98839	   -8.47336	 0.0	 1	    1.06000	    0.94000;
	38	 1	 14.0	 7.0	 0.0	 0.0	 1	    1.01441	   -7.82130	 0.0	 1	    1.06000	    0.94000;
	39	 1	 0.0	 0.0	 0.0	 0.0	 1	    0.98652	   -8.50881	 0.0	 1	    1.06000	    0.94000;
	40	 1	 0.0	 0.0	 0.0	 0.0	 1	    0.97718	   -8.65911	 0.0	 1	    1.06000	    0.94000;
	41	 1	 6.3	 3.0	 0.0	 0.0	 1	    1.00657	   -8.43654	 0.0	 1	    1.06000	    0.94000;
	42	 1	 7.1	 4.4	 0.0	 0.0	 1	    0.97520	   -9.95856	 0.0	 1	    1.06000	    0.94000;
	43	 1	 2.0	 1.0	 0.0	 0.0	 1	    1.02058	   -5.60766	 0.0	 1	    1.06000	    0.94000;
	44	 1	 12.0	 1.8	 0.0	 0.0	 1	    1.01621	   -7.22476	 0.0	 1	    1.06000	    0.94000;
	45	 1	 0.0	 0.0	 0.0	 0.0	 1	    1.03014	   -5.20969	 0.0	 1	    1.06000	    0.94000;
	46	 1	 0.0	 0.0	 0.0	 0.0	 1	    1.05802	   -6.27311	 0.0	 1	    1.06000	    0.94000;
	47	 1	 29.7	 11.6	 0.0	 0.0	 1	    1.03293	   -7.56288	 0.0	 1	    1.06000	    0.94000;
	48	 1	 0.0	 0.0	 0.0	 0.0	 1	    1.02785	   -7.62927	 0.0	 1	    1.06000	    0.94000;
	49	 1	 18.0	 8.5	 0.0	 0.0	 1	    1.03776	   -7.58635	 0.0	 1	    1.06000	    0.94000;
	50	 1	 21.0	 10.5	 0.0	 0.0	 1	    1.02579	   -7.60507	 0.0	 1	    1.06000	    0.94000;
	51	 1	 18.0	 5.3	 0.0	 0.0	 1	    1.05650	   -5.96002	 0.0	 1	    1.06000	    0.94000;
	52	 1	 4.9	 2.2	 0.0	 0.0	 1	    1.02007	   -5.79618	 0.0	 1	    1.06000	    0.94000;
	53	 1	 20.0	 10.0	 0.0	 6.3	 1	    1.00987	   -6.42952	 0.0	 1	    1.06000	    0.94000;
	54	 1	 4.1	 1.4	 0.0	 0.0	 1	    1.03045	   -5.71850	 0.0	 1	    1.06000	    0.94000;
	55	 1	 6.8	 3.4	 0.0	 0.0	 1	    1.06000	   -4.68218	 0.0	 1	    1.06000	    0.94000;
	56	 1	 7.6	 2.2	 0.0	 0.0	 1	    0.97510	  -10.57922	 0.0	 1	    1.06000	    0.94000;
	57	 1	 6.7	 2.0	 0.0	 0.0	 1	    0.97041	  -11.16302	 0.0	 1	    1.06000	    0.94000;
];

%% generator data
%	bus	Pg	Qg	Qmax	Qmin	Vg	mBase	status	Pmax	Pmin	Pc1	Pc2	Qc1min	Qc1max	Qc2min	Qc2max	ramp_agc	ramp_10	ramp_30	ramp_q	apf
mpc.gen = [
	1	 245.0	 50.169	 123.0	 -123.0	 1.00804	 100.0	 1	 245.0	 0.0	 0.0	 0.0	 0.0	 0.0	 0.0	 0.0	 0.0	 0.0	 0.0	 0.0	 0.0;
	2	 0.0	 50.0	 50.0	 -17.0	 0.99654	 100.0	 1	 0.0	 0.0	 0.0	 0.0	 0.0	 0.0	 0.0	 0.0	 0.0	 0.0	 0.0	 0.0	 0.0;
	3	 60.0	 -10.0	 30.0	 -10.0	 0.98476	 100.0	 1	 60.0	 0.0	 0.0	 0.0	 0.0	 0.0	 0.0	 0.0	 0.0	 0.0	 0.0	 0.0	 0.0;
	6	 0.0	 -8.0	 25.0	 -8.0	 1.00872	 100.0	 1	 0.0	 0.0	 0.0	 0.0	 0.0	 0.0	 0.0	 0.0	 0.0	 0.0	 0.0	 0.0	 0.0;
	8	 492.579	 157.048	 200.0	 -140.0	 1.06	 100.0	 1	 1159.0	 0.0	 0.0	 0.0	 0.0	 0.0	 0.0	 0.0	 0.0	 0.0	 0.0	 0.0	 0.0;
	9	 0.0	 -3.0	 9.0	 -3.0	 1.00512	 100.0	 1	 0.0	 0.0	 0.0	 0.0	 0.0	 0.0	 0.0	 0.0	 0.0	 0.0	 0.0	 0.0	 0.0;
	12	 469.75	 38.9	 155.0	 -150.0	 0.99956	 100.0	 1	 519.0	 0.0	 0.0	 0.0	 0.0	 0.0	 0.0	 0.0	 0.0	 0.0	 0.0	 0.0	 0.0;
];

%% generator cost data
%	2	startup	shutdown	n	c(n-1)	...	c0
mpc.gencost = [
	2	 0.0	 0.0	 3	   0.000000	   0.530842	   0.000000;
	2	 0.0	 0.0	 3	   0.000000	   0.000000	   0.000000;
	2	 0.0	 0.0	 3	   0.000000	   1.056991	   0.000000;
	2	 0.0	 0.0	 3	   0.000000	   0.000000	   0.000000;
	2	 0.0	 0.0	 3	   0.000000	   0.939592	   0.000000;
	2	 0.0	 0.0	 3	   0.000000	   0.000000	   0.000000;
	2	 0.0	 0.0	 3	   0.000000	   1.113867	   0.000000;
];

%% branch data
%	fbus	tbus	r	x	b	rateA	rateB	rateC	ratio	angle	status	angmin	angmax
