%%%%%%%%%%%%%%%%%%%%%%%%%%%%%%%%%%%%%%%%%%%%%%%%%%%%%%%%%%%%%%%%%%%%%%%%%%%
%%%%                                                                  %%%%%
%%%%    IEEE PES Power Grid Library - Optimal Power Flow - v17.07     %%%%%
%%%%          (https://github.com/power-grid-lib/pglib-opf)           %%%%%
%%%%             Benchmark Group - Small Angle Difference             %%%%%
%%%%                         27 - June - 2017                         %%%%%
%%%%                                                                  %%%%%
%%%%%%%%%%%%%%%%%%%%%%%%%%%%%%%%%%%%%%%%%%%%%%%%%%%%%%%%%%%%%%%%%%%%%%%%%%%
function mpc = pglib_opf_case30_fsr__sad
mpc.version = '2';
mpc.baseMVA = 100.0;

%% area data
%	area	refbus
mpc.areas = [
	1	 8;
	2	 23;
	3	 26;
];

%% bus data
%	bus_i	type	Pd	Qd	Gs	Bs	area	Vm	Va	baseKV	zone	Vmax	Vmin
mpc.bus = [
	1	 3	 0.0	 0.0	 0.0	 0.0	 1	    1.00362	    0.00000	 135.0	 1	    1.05000	    0.95000;
	2	 2	 21.7	 12.7	 0.0	 0.0	 1	    1.00363	   -0.76419	 135.0	 1	    1.10000	    0.95000;
	3	 1	 2.4	 1.2	 0.0	 0.0	 1	    0.99181	   -2.02719	 135.0	 1	    1.05000	    0.95000;
	4	 1	 7.6	 1.6	 0.0	 0.0	 1	    0.98909	   -2.39191	 135.0	 1	    1.05000	    0.95000;
	5	 1	 0.0	 0.0	 0.0	 0.19	 1	    0.98977	   -2.29669	 135.0	 1	    1.05000	    0.95000;
	6	 1	 0.0	 0.0	 0.0	 0.0	 1	    0.98410	   -2.79138	 135.0	 1	    1.05000	    0.95000;
	7	 1	 22.8	 10.9	 0.0	 0.0	 1	    0.97734	   -3.13402	 135.0	 1	    1.05000	    0.95000;
	8	 1	 30.0	 30.0	 0.0	 0.0	 1	    0.97206	   -3.23996	 135.0	 1	    1.05000	    0.95000;
	9	 1	 0.0	 0.0	 0.0	 0.0	 1	    0.98709	   -3.55612	 135.0	 1	    1.05000	    0.95000;
	10	 1	 5.8	 2.0	 0.0	 0.0	 3	    0.98873	   -3.95865	 135.0	 1	    1.05000	    0.95000;
	11	 1	 0.0	 0.0	 0.0	 0.0	 1	    0.98709	   -3.55612	 135.0	 1	    1.05000	    0.95000;
	12	 1	 11.2	 7.5	 0.0	 0.0	 2	    0.99801	   -3.58107	 135.0	 1	    1.05000	    0.95000;
	13	 2	 0.0	 0.0	 0.0	 0.0	 2	    1.02150	   -2.11804	 135.0	 1	    1.10000	    0.95000;
	14	 1	 6.2	 1.6	 0.0	 0.0	 2	    0.98886	   -4.13679	 135.0	 1	    1.05000	    0.95000;
	15	 1	 8.2	 2.5	 0.0	 0.0	 2	    0.99328	   -3.95498	 135.0	 1	    1.05000	    0.95000;
	16	 1	 3.5	 1.8	 0.0	 0.0	 2	    0.98658	   -4.05092	 135.0	 1	    1.05000	    0.95000;
	17	 1	 9.0	 5.8	 0.0	 0.0	 2	    0.98248	   -4.21996	 135.0	 1	    1.05000	    0.95000;
	18	 1	 3.2	 0.9	 0.0	 0.0	 2	    0.97888	   -4.72043	 135.0	 1	    1.05000	    0.95000;
	19	 1	 9.5	 3.4	 0.0	 0.0	 2	    0.97365	   -4.96711	 135.0	 1	    1.05000	    0.95000;
	20	 1	 2.2	 0.7	 0.0	 0.0	 2	    0.97659	   -4.77722	 135.0	 1	    1.05000	    0.95000;
	21	 1	 17.5	 11.2	 0.0	 0.0	 3	    0.99483	   -3.86829	 135.0	 1	    1.05000	    0.95000;
	22	 2	 0.0	 0.0	 0.0	 0.0	 3	    1.00148	   -3.67953	 135.0	 1	    1.10000	    0.95000;
	23	 2	 3.2	 1.6	 0.0	 0.0	 2	    1.01538	   -2.85204	 135.0	 1	    1.10000	    0.95000;
	24	 1	 8.7	 6.7	 0.0	 0.04	 3	    1.00608	   -3.19800	 135.0	 1	    1.05000	    0.95000;
	25	 1	 0.0	 0.0	 0.0	 0.0	 3	    1.03974	   -1.85101	 135.0	 1	    1.05000	    0.95000;
	26	 1	 3.5	 2.3	 0.0	 0.0	 3	    1.02246	   -2.25247	 135.0	 1	    1.05000	    0.95000;
	27	 2	 0.0	 0.0	 0.0	 0.0	 3	    1.06891	   -0.77379	 135.0	 1	    1.10000	    0.95000;
	28	 1	 0.0	 0.0	 0.0	 0.0	 1	    0.99216	   -2.80098	 135.0	 1	    1.05000	    0.95000;
	29	 1	 2.4	 0.9	 0.0	 0.0	 3	    1.05000	   -1.89899	 135.0	 1	    1.05000	    0.95000;
	30	 1	 10.6	 1.9	 0.0	 0.0	 3	    1.03906	   -2.70444	 135.0	 1	    1.05000	    0.95000;
];

%% generator data
%	bus	Pg	Qg	Qmax	Qmin	Vg	mBase	status	Pmax	Pmin	Pc1	Pc2	Qc1min	Qc1max	Qc2min	Qc2max	ramp_agc	ramp_10	ramp_30	ramp_q	apf
mpc.gen = [
	1	 40.554	 -7.281	 250.0	 -20.0	 1.00362	 100.0	 1	 80.0	 0.0	 0.0	 0.0	 0.0	 0.0	 0.0	 0.0	 0.0	 0.0	 0.0	 0.0	 0.0;
	2	 53.53	 26.855	 100.0	 -20.0	 1.00363	 100.0	 1	 80.0	 0.0	 0.0	 0.0	 0.0	 0.0	 0.0	 0.0	 0.0	 0.0	 0.0	 0.0	 0.0;
	22	 23.833	 23.238	 80.0	 -15.0	 1.00148	 100.0	 1	 50.0	 0.0	 0.0	 0.0	 0.0	 0.0	 0.0	 0.0	 0.0	 0.0	 0.0	 0.0	 0.0;
	27	 36.766	 31.85	 60.0	 -15.0	 1.06891	 100.0	 1	 55.0	 0.0	 0.0	 0.0	 0.0	 0.0	 0.0	 0.0	 0.0	 0.0	 0.0	 0.0	 0.0;
	23	 18.6	 8.704	 50.0	 -10.0	 1.01538	 100.0	 1	 30.0	 0.0	 0.0	 0.0	 0.0	 0.0	 0.0	 0.0	 0.0	 0.0	 0.0	 0.0	 0.0;
	13	 18.592	 17.379	 60.0	 -15.0	 1.0215	 100.0	 1	 40.0	 0.0	 0.0	 0.0	 0.0	 0.0	 0.0	 0.0	 0.0	 0.0	 0.0	 0.0	 0.0;
];

%% generator cost data
%	2	startup	shutdown	n	c(n-1)	...	c0
mpc.gencost = [
	2	 0.0	 0.0	 3	   0.020000	   2.000000	   0.000000;
	2	 0.0	 0.0	 3	   0.017500	   1.750000	   0.000000;
	2	 0.0	 0.0	 3	   0.062500	   1.000000	   0.000000;
	2	 0.0	 0.0	 3	   0.008340	   3.250000	   0.000000;
	2	 0.0	 0.0	 3	   0.025000	   3.000000	   0.000000;
	2	 0.0	 0.0	 3	   0.025000	   3.000000	   0.000000;
];

%% branch data
%	fbus	tbus	r	x	b	rateA	rateB	rateC	ratio	angle	status	angmin	angmax
