%%%%%%%%%%%%%%%%%%%%%%%%%%%%%%%%%%%%%%%%%%%%%%%%%%%%%%%%%%%%%%%%%%%%%%%%%%%
%%%%                                                                  %%%%%
%%%%    IEEE PES Power Grid Library - Optimal Power Flow - v20.07     %%%%%
%%%%          (https://github.com/power-grid-lib/pglib-opf)           %%%%%
%%%%             Benchmark Group - Small Angle Difference             %%%%%
%%%%                         12 - July - 2020                         %%%%%
%%%%                                                                  %%%%%
%%%%%%%%%%%%%%%%%%%%%%%%%%%%%%%%%%%%%%%%%%%%%%%%%%%%%%%%%%%%%%%%%%%%%%%%%%%
function mpc = pglib_opf_case300_ieee__sad
mpc.version = '2';
mpc.baseMVA = 100.0;

%% bus data
%	bus_i	type	Pd	Qd	Gs	Bs	area	Vm	Va	baseKV	zone	Vmax	Vmin
mpc.bus = [
	1	 1	 90.0	 49.0	 0.0	 0.0	 1	    1.00000	    0.00000	 115.0	 1	    1.06000	    0.94000;
	2	 1	 56.0	 15.0	 0.0	 0.0	 1	    1.00000	    0.00000	 115.0	 1	    1.06000	    0.94000;
	3	 1	 20.0	 0.0	 0.0	 0.0	 1	    1.00000	    0.00000	 230.0	 1	    1.06000	    0.94000;
	4	 1	 0.0	 0.0	 0.0	 0.0	 1	    1.00000	    0.00000	 345.0	 1	    1.06000	    0.94000;
	5	 1	 353.0	 130.0	 0.0	 0.0	 1	    1.00000	    0.00000	 115.0	 1	    1.06000	    0.94000;
	6	 1	 120.0	 41.0	 0.0	 0.0	 1	    1.00000	    0.00000	 115.0	 1	    1.06000	    0.94000;
	7	 1	 0.0	 0.0	 0.0	 0.0	 1	    1.00000	    0.00000	 230.0	 1	    1.06000	    0.94000;
	8	 2	 63.0	 14.0	 0.0	 0.0	 1	    1.00000	    0.00000	 115.0	 1	    1.06000	    0.94000;
	9	 1	 96.0	 43.0	 0.0	 0.0	 1	    1.00000	    0.00000	 115.0	 1	    1.06000	    0.94000;
	10	 2	 153.0	 33.0	 0.0	 0.0	 1	    1.00000	    0.00000	 230.0	 1	    1.06000	    0.94000;
	11	 1	 83.0	 21.0	 0.0	 0.0	 1	    1.00000	    0.00000	 115.0	 1	    1.06000	    0.94000;
	12	 1	 0.0	 0.0	 0.0	 0.0	 1	    1.00000	    0.00000	 230.0	 1	    1.06000	    0.94000;
	13	 1	 58.0	 10.0	 0.0	 0.0	 1	    1.00000	    0.00000	 115.0	 1	    1.06000	    0.94000;
	14	 1	 160.0	 60.0	 0.0	 0.0	 1	    1.00000	    0.00000	 115.0	 1	    1.06000	    0.94000;
	15	 1	 126.7	 23.0	 0.0	 0.0	 1	    1.00000	    0.00000	 115.0	 1	    1.06000	    0.94000;
	16	 1	 0.0	 0.0	 0.0	 0.0	 1	    1.00000	    0.00000	 345.0	 1	    1.06000	    0.94000;
	17	 1	 561.0	 220.0	 0.0	 0.0	 1	    1.00000	    0.00000	 115.0	 1	    1.06000	    0.94000;
	19	 1	 0.0	 0.0	 0.0	 0.0	 1	    1.00000	    0.00000	 230.0	 1	    1.06000	    0.94000;
	20	 2	 605.0	 120.0	 0.0	 0.0	 1	    1.00000	    0.00000	 115.0	 1	    1.06000	    0.94000;
	21	 1	 77.0	 1.0	 0.0	 0.0	 1	    1.00000	    0.00000	 230.0	 1	    1.06000	    0.94000;
	22	 1	 81.0	 23.0	 0.0	 0.0	 1	    1.00000	    0.00000	 115.0	 1	    1.06000	    0.94000;
	23	 1	 21.0	 7.0	 0.0	 0.0	 1	    1.00000	    0.00000	 115.0	 1	    1.06000	    0.94000;
	24	 1	 0.0	 0.0	 0.0	 0.0	 1	    1.00000	    0.00000	 230.0	 1	    1.06000	    0.94000;
	25	 1	 45.0	 12.0	 0.0	 0.0	 1	    1.00000	    0.00000	 115.0	 1	    1.06000	    0.94000;
	26	 1	 28.0	 9.0	 0.0	 0.0	 1	    1.00000	    0.00000	 115.0	 1	    1.06000	    0.94000;
	27	 1	 69.0	 13.0	 0.0	 0.0	 1	    1.00000	    0.00000	 115.0	 1	    1.06000	    0.94000;
	33	 1	 55.0	 6.0	 0.0	 0.0	 1	    1.00000	    0.00000	 115.0	 1	    1.06000	    0.94000;
	34	 1	 0.0	 0.0	 0.0	 0.0	 1	    1.00000	    0.00000	 345.0	 1	    1.06000	    0.94000;
	35	 1	 0.0	 0.0	 0.0	 0.0	 1	    1.00000	    0.00000	 115.0	 1	    1.06000	    0.94000;
	36	 1	 0.0	 0.0	 0.0	 0.0	 1	    1.00000	    0.00000	 230.0	 1	    1.06000	    0.94000;
	37	 1	 85.0	 32.0	 0.0	 0.0	 1	    1.00000	    0.00000	 115.0	 1	    1.06000	    0.94000;
	38	 1	 155.0	 18.0	 0.0	 0.0	 1	    1.00000	    0.00000	 115.0	 1	    1.06000	    0.94000;
	39	 1	 0.0	 0.0	 0.0	 0.0	 1	    1.00000	    0.00000	 345.0	 1	    1.06000	    0.94000;
	40	 1	 46.0	 -21.0	 0.0	 0.0	 1	    1.00000	    0.00000	 115.0	 1	    1.06000	    0.94000;
	41	 1	 86.0	 0.0	 0.0	 0.0	 1	    1.00000	    0.00000	 115.0	 1	    1.06000	    0.94000;
	42	 1	 0.0	 0.0	 0.0	 0.0	 1	    1.00000	    0.00000	 345.0	 1	    1.06000	    0.94000;
	43	 1	 39.0	 9.0	 0.0	 0.0	 1	    1.00000	    0.00000	 115.0	 1	    1.06000	    0.94000;
	44	 1	 195.0	 29.0	 0.0	 0.0	 1	    1.00000	    0.00000	 115.0	 1	    1.06000	    0.94000;
	45	 1	 0.0	 0.0	 0.0	 0.0	 1	    1.00000	    0.00000	 230.0	 1	    1.06000	    0.94000;
	46	 1	 0.0	 0.0	 0.0	 0.0	 1	    1.00000	    0.00000	 345.0	 1	    1.06000	    0.94000;
	47	 1	 58.0	 11.8	 0.0	 0.0	 1	    1.00000	    0.00000	 115.0	 1	    1.06000	    0.94000;
	48	 1	 41.0	 19.0	 0.0	 0.0	 1	    1.00000	    0.00000	 115.0	 1	    1.06000	    0.94000;
	49	 1	 92.0	 26.0	 0.0	 0.0	 1	    1.00000	    0.00000	 115.0	 1	    1.06000	    0.94000;
	51	 1	 -5.0	 5.0	 0.0	 0.0	 1	    1.00000	    0.00000	 115.0	 1	    1.06000	    0.94000;
	52	 1	 61.0	 28.0	 0.0	 0.0	 1	    1.00000	    0.00000	 115.0	 1	    1.06000	    0.94000;
	53	 1	 69.0	 3.0	 0.0	 0.0	 1	    1.00000	    0.00000	 115.0	 1	    1.06000	    0.94000;
	54	 1	 10.0	 1.0	 0.0	 0.0	 1	    1.00000	    0.00000	 115.0	 1	    1.06000	    0.94000;
	55	 1	 22.0	 10.0	 0.0	 0.0	 1	    1.00000	    0.00000	 115.0	 1	    1.06000	    0.94000;
	57	 1	 98.0	 20.0	 0.0	 0.0	 1	    1.00000	    0.00000	 115.0	 1	    1.06000	    0.94000;
	58	 1	 14.0	 1.0	 0.0	 0.0	 1	    1.00000	    0.00000	 115.0	 1	    1.06000	    0.94000;
	59	 1	 218.0	 106.0	 0.0	 0.0	 1	    1.00000	    0.00000	 115.0	 1	    1.06000	    0.94000;
	60	 1	 0.0	 0.0	 0.0	 0.0	 1	    1.00000	    0.00000	 230.0	 1	    1.06000	    0.94000;
	61	 1	 227.0	 110.0	 0.0	 0.0	 1	    1.00000	    0.00000	 115.0	 1	    1.06000	    0.94000;
	62	 1	 0.0	 0.0	 0.0	 0.0	 1	    1.00000	    0.00000	 230.0	 1	    1.06000	    0.94000;
	63	 2	 70.0	 30.0	 0.0	 0.0	 1	    1.00000	    0.00000	 115.0	 1	    1.06000	    0.94000;
	64	 1	 0.0	 0.0	 0.0	 0.0	 1	    1.00000	    0.00000	 230.0	 1	    1.06000	    0.94000;
	69	 1	 0.0	 0.0	 0.0	 0.0	 1	    1.00000	    0.00000	 115.0	 1	    1.06000	    0.94000;
	70	 1	 56.0	 20.0	 0.0	 0.0	 1	    1.00000	    0.00000	 115.0	 1	    1.06000	    0.94000;
	71	 1	 116.0	 38.0	 0.0	 0.0	 1	    1.00000	    0.00000	 115.0	 1	    1.06000	    0.94000;
	72	 1	 57.0	 19.0	 0.0	 0.0	 1	    1.00000	    0.00000	 115.0	 1	    1.06000	    0.94000;
	73	 1	 224.0	 71.0	 0.0	 0.0	 1	    1.00000	    0.00000	 115.0	 1	    1.06000	    0.94000;
	74	 1	 0.0	 0.0	 0.0	 0.0	 1	    1.00000	    0.00000	 230.0	 1	    1.06000	    0.94000;
	76	 2	 208.0	 107.0	 0.0	 0.0	 1	    1.00000	    0.00000	 115.0	 1	    1.06000	    0.94000;
	77	 1	 74.0	 28.0	 0.0	 0.0	 1	    1.00000	    0.00000	 115.0	 1	    1.06000	    0.94000;
	78	 1	 0.0	 0.0	 0.0	 0.0	 1	    1.00000	    0.00000	 115.0	 1	    1.06000	    0.94000;
	79	 1	 48.0	 14.0	 0.0	 0.0	 1	    1.00000	    0.00000	 115.0	 1	    1.06000	    0.94000;
	80	 1	 28.0	 7.0	 0.0	 0.0	 1	    1.00000	    0.00000	 115.0	 1	    1.06000	    0.94000;
	81	 1	 0.0	 0.0	 0.0	 0.0	 1	    1.00000	    0.00000	 345.0	 1	    1.06000	    0.94000;
	84	 2	 37.0	 13.0	 0.0	 0.0	 1	    1.00000	    0.00000	 115.0	 1	    1.06000	    0.94000;
	85	 1	 0.0	 0.0	 0.0	 0.0	 1	    1.00000	    0.00000	 230.0	 1	    1.06000	    0.94000;
	86	 1	 0.0	 0.0	 0.0	 0.0	 1	    1.00000	    0.00000	 230.0	 1	    1.06000	    0.94000;
	87	 1	 0.0	 0.0	 0.0	 0.0	 1	    1.00000	    0.00000	 230.0	 1	    1.06000	    0.94000;
	88	 1	 0.0	 0.0	 0.0	 0.0	 1	    1.00000	    0.00000	 230.0	 1	    1.06000	    0.94000;
	89	 1	 44.2	 0.0	 0.0	 0.0	 1	    1.00000	    0.00000	 115.0	 1	    1.06000	    0.94000;
	90	 1	 66.0	 0.0	 0.0	 0.0	 1	    1.00000	    0.00000	 115.0	 1	    1.06000	    0.94000;
	91	 2	 17.4	 0.0	 0.0	 0.0	 1	    1.00000	    0.00000	 115.0	 1	    1.06000	    0.94000;
	92	 2	 15.8	 0.0	 0.0	 0.0	 1	    1.00000	    0.00000	 115.0	 1	    1.06000	    0.94000;
	94	 1	 60.3	 0.0	 0.0	 0.0	 1	    1.00000	    0.00000	 115.0	 1	    1.06000	    0.94000;
	97	 1	 39.9	 0.0	 0.0	 0.0	 1	    1.00000	    0.00000	 115.0	 1	    1.06000	    0.94000;
	98	 2	 66.7	 0.0	 0.0	 0.0	 1	    1.00000	    0.00000	 115.0	 1	    1.06000	    0.94000;
