%%%%%%%%%%%%%%%%%%%%%%%%%%%%%%%%%%%%%%%%%%%%%%%%%%%%%%%%%%%%%%%%%%%%%%%%%%%
%%%%                                                                  %%%%%
%%%%    IEEE PES Power Grid Library - Optimal Power Flow - v23.07     %%%%%
%%%%          (https://github.com/power-grid-lib/pglib-opf)           %%%%%
%%%%             Benchmark Group - Small Angle Difference             %%%%%
%%%%                         23 - July - 2023                         %%%%%
%%%%                                                                  %%%%%
%%%%%%%%%%%%%%%%%%%%%%%%%%%%%%%%%%%%%%%%%%%%%%%%%%%%%%%%%%%%%%%%%%%%%%%%%%%
function mpc = pglib_opf_case240_pserc__sad
mpc.version = '2';
mpc.baseMVA = 100.0;

%% bus data
%	bus_i	type	Pd	Qd	Gs	Bs	area	Vm	Va	baseKV	zone	Vmax	Vmin
mpc.bus = [
	1001	 1	 0.0	 0.0	 0.0	 0.0	 10	    1.00000	    0.00000	 500.0	 1	    1.10000	    0.90000;
	1002	 1	 226.8419	 -37.472	 0.0	 0.0	 10	    1.00000	    0.00000	 345.0	 1	    1.10000	    0.90000;
	1003	 1	 2153.3224	 366.856	 0.0	 0.0	 10	    1.00000	    0.00000	 230.0	 1	    1.10000	    0.90000;
	1004	 1	 1037.9499	 5.521	 0.0	 0.0	 10	    1.00000	    0.00000	 345.0	 1	    1.10000	    0.90000;
	1032	 2	 0.0	 0.0	 0.0	 0.0	 10	    1.00000	    0.00000	 20.0	 1	    1.10000	    0.90000;
	1034	 2	 0.0	 0.0	 0.0	 0.0	 10	    1.00000	    0.00000	 20.0	 1	    1.10000	    0.90000;
	1101	 1	 4527.3661	 -137.044	 0.0	 0.0	 10	    1.00000	    0.00000	 500.0	 1	    1.10000	    0.90000;
	1102	 1	 176.4436	 23.004	 0.0	 0.0	 10	    1.00000	    0.00000	 345.0	 1	    1.10000	    0.90000;
	1131	 2	 0.0	 0.0	 0.0	 0.0	 10	    1.00000	    0.00000	 20.0	 1	    1.10000	    0.90000;
	1201	 1	 166.9882	 -2.012	 0.0	 0.0	 10	    1.00000	    0.00000	 500.0	 1	    1.10000	    0.90000;
	1202	 1	 875.61	 287.131	 0.0	 0.0	 10	    1.00000	    0.00000	 500.0	 1	    1.10000	    0.90000;
	1232	 2	 0.0	 0.0	 0.0	 0.0	 10	    1.00000	    0.00000	 20.0	 1	    1.10000	    0.90000;
	1301	 1	 2704.7793	 352.826	 0.0	 0.0	 10	    1.00000	    0.00000	 500.0	 1	    1.10000	    0.90000;
	1302	 1	 17.5556	 2.304	 0.0	 0.0	 10	    1.00000	    0.00000	 500.0	 1	    1.10000	    0.90000;
	1303	 1	 6235.136	 813.349	 0.0	 0.0	 10	    1.00000	    0.00000	 345.0	 1	    1.10000	    0.90000;
	1331	 2	 0.0	 0.0	 0.0	 0.0	 10	    1.00000	    0.00000	 20.0	 1	    1.10000	    0.90000;
	1333	 2	 0.0	 0.0	 0.0	 0.0	 10	    1.00000	    0.00000	 20.0	 1	    1.10000	    0.90000;
	1401	 1	 6535.5365	 1524.594	 0.0	 0.0	 10	    1.00000	    0.00000	 500.0	 1	    1.10000	    0.90000;
	1402	 1	 5366.6305	 -600.162	 0.0	 0.0	 10	    1.00000	    0.00000	 500.0	 1	    1.10000	    0.90000;
	1403	 1	 0.0	 0.0	 0.0	 0.0	 10	    1.00000	    0.00000	 230.0	 1	    1.10000	    0.90000;
	1431	 2	 0.0	 0.0	 0.0	 0.0	 10	    1.00000	    0.00000	 20.0	 1	    1.10000	    0.90000;
	2000	 1	 2207.188	 287.916	 0.0	 0.0	 20	    1.00000	    0.00000	 230.0	 1	    1.10000	    0.90000;
	2030	 2	 0.0	 0.0	 0.0	 0.0	 20	    1.00000	    0.00000	 20.0	 1	    1.10000	    0.90000;
	2100	 1	 281.1513	 54.83	 0.0	 0.0	 21	    1.00000	    0.00000	 230.0	 1	    1.10000	    0.90000;
	2130	 2	 0.0	 0.0	 0.0	 0.0	 21	    1.00000	    0.00000	 20.0	 1	    1.10000	    0.90000;
	2201	 1	 0.0	 0.0	 0.0	 0.0	 22	    1.00000	    0.00000	 500.0	 1	    1.10000	    0.90000;
	2202	 1	 1545.949	 268.565	 0.0	 0.0	 22	    1.00000	    0.00000	 230.0	 1	    1.10000	    0.90000;
	2203	 1	 1708.5525	 278.273	 0.0	 0.0	 22	    1.00000	    0.00000	 230.0	 1	    1.10000	    0.90000;
	2233	 2	 0.0	 0.0	 0.0	 0.0	 22	    1.00000	    0.00000	 20.0	 1	    1.10000	    0.90000;
	2301	 1	 0.0	 0.0	 0.0	 0.0	 22	    1.00000	    0.00000	 500.0	 1	    1.10000	    0.90000;
	2302	 1	 0.0	 0.0	 0.0	 0.0	 22	    1.00000	    0.00000	 230.0	 1	    1.10000	    0.90000;
	2332	 2	 0.0	 0.0	 0.0	 0.0	 22	    1.00000	    0.00000	 20.0	 1	    1.10000	    0.90000;
	2400	 1	 843.2926	 76.663	 0.0	 0.0	 24	    1.00000	    0.00000	 500.0	 1	    1.10000	    0.90000;
	2401	 1	 882.3636	 105.214	 0.0	 0.0	 24	    1.00000	    0.00000	 500.0	 1	    1.10000	    0.90000;
	2402	 1	 1080.0201	 81.979	 0.0	 0.0	 24	    1.00000	    0.00000	 500.0	 1	    1.10000	    0.90000;
	2403	 1	 1050.004	 38.543	 0.0	 0.0	 24	    1.00000	    0.00000	 500.0	 1	    1.10000	    0.90000;
	2404	 1	 0.0	 0.0	 0.0	 0.0	 24	    1.00000	    0.00000	 500.0	 1	    1.10000	    0.90000;
	2405	 1	 824.6826	 22.901	 0.0	 0.0	 24	    1.00000	    0.00000	 230.0	 1	    1.10000	    0.90000;
	2406	 1	 737.4036	 -40.751	 0.0	 0.0	 24	    1.00000	    0.00000	 230.0	 1	    1.10000	    0.90000;
	2407	 1	 1732.771	 -36.535	 0.0	 0.0	 24	    1.00000	    0.00000	 230.0	 1	    1.10000	    0.90000;
	2408	 1	 1743.2768	 -72.623	 0.0	 0.0	 24	    1.00000	    0.00000	 230.0	 1	    1.10000	    0.90000;
	2409	 1	 1601.7777	 -86.698	 0.0	 0.0	 24	    1.00000	    0.00000	 230.0	 1	    1.10000	    0.90000;
	2410	 1	 1576.7872	 58.184	 0.0	 0.0	 24	    1.00000	    0.00000	 230.0	 1	    1.10000	    0.90000;
	2411	 1	 1087.6239	 75.955	 0.0	 0.0	 24	    1.00000	    0.00000	 230.0	 1	    1.10000	    0.90000;
	2438	 2	 0.0	 0.0	 0.0	 0.0	 24	    1.00000	    0.00000	 20.0	 1	    1.10000	    0.90000;
	2501	 1	 0.0	 0.0	 0.0	 0.0	 25	    1.00000	    0.00000	 500.0	 1	    1.10000	    0.90000;
	2502	 1	 2369.1531	 -91.905	 0.0	 0.0	 25	    1.00000	    0.00000	 230.0	 1	    1.10000	    0.90000;
	2503	 1	 1845.9256	 201.991	 0.0	 0.0	 25	    1.00000	    0.00000	 230.0	 1	    1.10000	    0.90000;
	2533	 2	 0.0	 0.0	 0.0	 0.0	 25	    1.00000	    0.00000	 20.0	 1	    1.10000	    0.90000;
	2600	 1	 -1863.9044	 0.0	 0.0	 0.0	 90	    1.00000	    0.00000	 500.0	 1	    1.10000	    0.90000;
	2601	 1	 0.0	 0.0	 0.0	 0.0	 26	    1.00000	    0.00000	 500.0	 1	    1.10000	    0.90000;
	2602	 1	 99.2784	 12.955	 0.0	 0.0	 26	    1.00000	    0.00000	 500.0	 1	    1.10000	    0.90000;
	2603	 1	 0.0	 0.0	 0.0	 0.0	 26	    1.00000	    0.00000	 500.0	 1	    1.10000	    0.90000;
	2604	 1	 2050.7816	 0.0	 0.0	 0.0	 90	    1.00000	    0.00000	 345.0	 1	    1.10000	    0.90000;
	2605	 1	 0.0	 0.0	 0.0	 0.0	 26	    1.00000	    0.00000	 287.0	 1	    1.10000	    0.90000;
	2606	 1	 0.0	 0.0	 0.0	 0.0	 26	    1.00000	    0.00000	 287.0	 1	    1.10000	    0.90000;
	2607	 1	 0.0	 0.0	 0.0	 0.0	 26	    1.00000	    0.00000	 287.0	 1	    1.10000	    0.90000;
	2608	 1	 99.2784	 12.955	 0.0	 0.0	 26	    1.00000	    0.00000	 230.0	 1	    1.10000	    0.90000;
	2609	 1	 134.0261	 26.805	 0.0	 0.0	 26	    1.00000	    0.00000	 230.0	 1	    1.10000	    0.90000;
	2610	 1	 99.2784	 12.955	 0.0	 0.0	 26	    1.00000	    0.00000	 230.0	 1	    1.10000	    0.90000;
	2611	 1	 99.2784	 12.955	 0.0	 0.0	 26	    1.00000	    0.00000	 230.0	 1	    1.10000	    0.90000;
	2612	 1	 120.1277	 24.819	 0.0	 0.0	 26	    1.00000	    0.00000	 230.0	 1	    1.10000	    0.90000;
	2613	 1	 317.693	 64.532	 0.0	 0.0	 26	    1.00000	    0.00000	 230.0	 1	    1.10000	    0.90000;
	2614	 1	 137.0047	 27.798	 0.0	 0.0	 26	    1.00000	    0.00000	 230.0	 1	    1.10000	    0.90000;
	2615	 1	 801.9756	 131.148	 0.0	 0.0	 26	    1.00000	    0.00000	 230.0	 1	    1.10000	    0.90000;
	2616	 1	 116.1565	 23.827	 0.0	 0.0	 26	    1.00000	    0.00000	 230.0	 1	    1.10000	    0.90000;
	2617	 1	 120.1277	 24.819	 0.0	 0.0	 26	    1.00000	    0.00000	 230.0	 1	    1.10000	    0.90000;
	2618	 1	 881.2994	 -6.155	 0.0	 0.0	 26	    1.00000	    0.00000	 230.0	 1	    1.10000	    0.90000;
	2619	 1	 -2773.8339	 0.0	 0.0	 0.0	 90	    1.00000	    0.00000	 230.0	 1	    1.10000	    0.90000;
	2620	 1	 203.7206	 17.473	 0.0	 0.0	 26	    1.00000	    0.00000	 230.0	 1	    1.10000	    0.90000;
	2621	 1	 235.4897	 -62.745	 0.0	 0.0	 26	    1.00000	    0.00000	 138.0	 1	    1.10000	    0.90000;
	2630	 2	 0.0	 0.0	 0.0	 0.0	 26	    1.00000	    0.00000	 20.0	 1	    1.10000	    0.90000;
	2631	 2	 0.0	 0.0	 0.0	 0.0	 26	    1.00000	    0.00000	 20.0	 1	    1.10000	    0.90000;
	2634	 2	 0.0	 0.0	 0.0	 0.0	 90	    1.00000	    0.00000	 20.0	 1	    1.10000	    0.90000;
