%%%%%%%%%%%%%%%%%%%%%%%%%%%%%%%%%%%%%%%%%%%%%%%%%%%%%%%%%%%%%%%%%%%%%%%%%%%
%%%%                                                                  %%%%%
%%%%    IEEE PES Power Grid Library - Optimal Power Flow - v23.07     %%%%%
%%%%          (https://github.com/power-grid-lib/pglib-opf)           %%%%%
%%%%             Benchmark Group - Small Angle Difference             %%%%%
%%%%                         23 - July - 2023                         %%%%%
%%%%                                                                  %%%%%
%%%%%%%%%%%%%%%%%%%%%%%%%%%%%%%%%%%%%%%%%%%%%%%%%%%%%%%%%%%%%%%%%%%%%%%%%%%
function mpc = pglib_opf_case118_ieee__sad
mpc.version = '2';
mpc.baseMVA = 100.0;

%% bus data
%	bus_i	type	Pd	Qd	Gs	Bs	area	Vm	Va	baseKV	zone	Vmax	Vmin
mpc.bus = [
	1	 2	 51.0	 27.0	 0.0	 0.0	 1	    1.00000	    0.00000	 138.0	 1	    1.06000	    0.94000;
	2	 1	 20.0	 9.0	 0.0	 0.0	 1	    1.00000	    0.00000	 138.0	 1	    1.06000	    0.94000;
	3	 1	 39.0	 10.0	 0.0	 0.0	 1	    1.00000	    0.00000	 138.0	 1	    1.06000	    0.94000;
	4	 2	 39.0	 12.0	 0.0	 0.0	 1	    1.00000	    0.00000	 138.0	 1	    1.06000	    0.94000;
	5	 1	 0.0	 0.0	 0.0	 -40.0	 1	    1.00000	    0.00000	 138.0	 1	    1.06000	    0.94000;
	6	 2	 52.0	 22.0	 0.0	 0.0	 1	    1.00000	    0.00000	 138.0	 1	    1.06000	    0.94000;
	7	 1	 19.0	 2.0	 0.0	 0.0	 1	    1.00000	    0.00000	 138.0	 1	    1.06000	    0.94000;
	8	 2	 28.0	 0.0	 0.0	 0.0	 1	    1.00000	    0.00000	 345.0	 1	    1.06000	    0.94000;
	9	 1	 0.0	 0.0	 0.0	 0.0	 1	    1.00000	    0.00000	 345.0	 1	    1.06000	    0.94000;
	10	 2	 0.0	 0.0	 0.0	 0.0	 1	    1.00000	    0.00000	 345.0	 1	    1.06000	    0.94000;
	11	 1	 70.0	 23.0	 0.0	 0.0	 1	    1.00000	    0.00000	 138.0	 1	    1.06000	    0.94000;
	12	 2	 47.0	 10.0	 0.0	 0.0	 1	    1.00000	    0.00000	 138.0	 1	    1.06000	    0.94000;
	13	 1	 34.0	 16.0	 0.0	 0.0	 1	    1.00000	    0.00000	 138.0	 1	    1.06000	    0.94000;
	14	 1	 14.0	 1.0	 0.0	 0.0	 1	    1.00000	    0.00000	 138.0	 1	    1.06000	    0.94000;
	15	 2	 90.0	 30.0	 0.0	 0.0	 1	    1.00000	    0.00000	 138.0	 1	    1.06000	    0.94000;
	16	 1	 25.0	 10.0	 0.0	 0.0	 1	    1.00000	    0.00000	 138.0	 1	    1.06000	    0.94000;
	17	 1	 11.0	 3.0	 0.0	 0.0	 1	    1.00000	    0.00000	 138.0	 1	    1.06000	    0.94000;
	18	 2	 60.0	 34.0	 0.0	 0.0	 1	    1.00000	    0.00000	 138.0	 1	    1.06000	    0.94000;
	19	 2	 45.0	 25.0	 0.0	 0.0	 1	    1.00000	    0.00000	 138.0	 1	    1.06000	    0.94000;
	20	 1	 18.0	 3.0	 0.0	 0.0	 1	    1.00000	    0.00000	 138.0	 1	    1.06000	    0.94000;
	21	 1	 14.0	 8.0	 0.0	 0.0	 1	    1.00000	    0.00000	 138.0	 1	    1.06000	    0.94000;
	22	 1	 10.0	 5.0	 0.0	 0.0	 1	    1.00000	    0.00000	 138.0	 1	    1.06000	    0.94000;
	23	 1	 7.0	 3.0	 0.0	 0.0	 1	    1.00000	    0.00000	 138.0	 1	    1.06000	    0.94000;
	24	 2	 13.0	 0.0	 0.0	 0.0	 1	    1.00000	    0.00000	 138.0	 1	    1.06000	    0.94000;
	25	 2	 0.0	 0.0	 0.0	 0.0	 1	    1.00000	    0.00000	 138.0	 1	    1.06000	    0.94000;
	26	 2	 0.0	 0.0	 0.0	 0.0	 1	    1.00000	    0.00000	 345.0	 1	    1.06000	    0.94000;
	27	 2	 71.0	 13.0	 0.0	 0.0	 1	    1.00000	    0.00000	 138.0	 1	    1.06000	    0.94000;
	28	 1	 17.0	 7.0	 0.0	 0.0	 1	    1.00000	    0.00000	 138.0	 1	    1.06000	    0.94000;
	29	 1	 24.0	 4.0	 0.0	 0.0	 1	    1.00000	    0.00000	 138.0	 1	    1.06000	    0.94000;
	30	 1	 0.0	 0.0	 0.0	 0.0	 1	    1.00000	    0.00000	 345.0	 1	    1.06000	    0.94000;
	31	 2	 43.0	 27.0	 0.0	 0.0	 1	    1.00000	    0.00000	 138.0	 1	    1.06000	    0.94000;
	32	 2	 59.0	 23.0	 0.0	 0.0	 1	    1.00000	    0.00000	 138.0	 1	    1.06000	    0.94000;
	33	 1	 23.0	 9.0	 0.0	 0.0	 1	    1.00000	    0.00000	 138.0	 1	    1.06000	    0.94000;
	34	 2	 59.0	 26.0	 0.0	 14.0	 1	    1.00000	    0.00000	 138.0	 1	    1.06000	    0.94000;
	35	 1	 33.0	 9.0	 0.0	 0.0	 1	    1.00000	    0.00000	 138.0	 1	    1.06000	    0.94000;
	36	 2	 31.0	 17.0	 0.0	 0.0	 1	    1.00000	    0.00000	 138.0	 1	    1.06000	    0.94000;
	37	 1	 0.0	 0.0	 0.0	 -25.0	 1	    1.00000	    0.00000	 138.0	 1	    1.06000	    0.94000;
	38	 1	 0.0	 0.0	 0.0	 0.0	 1	    1.00000	    0.00000	 345.0	 1	    1.06000	    0.94000;
	39	 1	 27.0	 11.0	 0.0	 0.0	 1	    1.00000	    0.00000	 138.0	 1	    1.06000	    0.94000;
	40	 2	 66.0	 23.0	 0.0	 0.0	 1	    1.00000	    0.00000	 138.0	 1	    1.06000	    0.94000;
	41	 1	 37.0	 10.0	 0.0	 0.0	 1	    1.00000	    0.00000	 138.0	 1	    1.06000	    0.94000;
	42	 2	 96.0	 23.0	 0.0	 0.0	 1	    1.00000	    0.00000	 138.0	 1	    1.06000	    0.94000;
	43	 1	 18.0	 7.0	 0.0	 0.0	 1	    1.00000	    0.00000	 138.0	 1	    1.06000	    0.94000;
	44	 1	 16.0	 8.0	 0.0	 10.0	 1	    1.00000	    0.00000	 138.0	 1	    1.06000	    0.94000;
	45	 1	 53.0	 22.0	 0.0	 10.0	 1	    1.00000	    0.00000	 138.0	 1	    1.06000	    0.94000;
	46	 2	 28.0	 10.0	 0.0	 10.0	 1	    1.00000	    0.00000	 138.0	 1	    1.06000	    0.94000;
	47	 1	 34.0	 0.0	 0.0	 0.0	 1	    1.00000	    0.00000	 138.0	 1	    1.06000	    0.94000;
	48	 1	 20.0	 11.0	 0.0	 15.0	 1	    1.00000	    0.00000	 138.0	 1	    1.06000	    0.94000;
	49	 2	 87.0	 30.0	 0.0	 0.0	 1	    1.00000	    0.00000	 138.0	 1	    1.06000	    0.94000;
	50	 1	 17.0	 4.0	 0.0	 0.0	 1	    1.00000	    0.00000	 138.0	 1	    1.06000	    0.94000;
	51	 1	 17.0	 8.0	 0.0	 0.0	 1	    1.00000	    0.00000	 138.0	 1	    1.06000	    0.94000;
	52	 1	 18.0	 5.0	 0.0	 0.0	 1	    1.00000	    0.00000	 138.0	 1	    1.06000	    0.94000;
	53	 1	 23.0	 11.0	 0.0	 0.0	 1	    1.00000	    0.00000	 138.0	 1	    1.06000	    0.94000;
	54	 2	 113.0	 32.0	 0.0	 0.0	 1	    1.00000	    0.00000	 138.0	 1	    1.06000	    0.94000;
	55	 2	 63.0	 22.0	 0.0	 0.0	 1	    1.00000	    0.00000	 138.0	 1	    1.06000	    0.94000;
	56	 2	 84.0	 18.0	 0.0	 0.0	 1	    1.00000	    0.00000	 138.0	 1	    1.06000	    0.94000;
	57	 1	 12.0	 3.0	 0.0	 0.0	 1	    1.00000	    0.00000	 138.0	 1	    1.06000	    0.94000;
	58	 1	 12.0	 3.0	 0.0	 0.0	 1	    1.00000	    0.00000	 138.0	 1	    1.06000	    0.94000;
	59	 2	 277.0	 113.0	 0.0	 0.0	 1	    1.00000	    0.00000	 138.0	 1	    1.06000	    0.94000;
	60	 1	 78.0	 3.0	 0.0	 0.0	 1	    1.00000	    0.00000	 138.0	 1	    1.06000	    0.94000;
	61	 2	 0.0	 0.0	 0.0	 0.0	 1	    1.00000	    0.00000	 138.0	 1	    1.06000	    0.94000;
	62	 2	 77.0	 14.0	 0.0	 0.0	 1	    1.00000	    0.00000	 138.0	 1	    1.06000	    0.94000;
	63	 1	 0.0	 0.0	 0.0	 0.0	 1	    1.00000	    0.00000	 345.0	 1	    1.06000	    0.94000;
	64	 1	 0.0	 0.0	 0.0	 0.0	 1	    1.00000	    0.00000	 345.0	 1	    1.06000	    0.94000;
	65	 2	 0.0	 0.0	 0.0	 0.0	 1	    1.00000	    0.00000	 345.0	 1	    1.06000	    0.94000;
	66	 2	 39.0	 18.0	 0.0	 0.0	 1	    1.00000	    0.00000	 138.0	 1	    1.06000	    0.94000;
	67	 1	 28.0	 7.0	 0.0	 0.0	 1	    1.00000	    0.00000	 138.0	 1	    1.06000	    0.94000;
	68	 1	 0.0	 0.0	 0.0	 0.0	 1	    1.00000	    0.00000	 345.0	 1	    1.06000	    0.94000;
	69	 3	 0.0	 0.0	 0.0	 0.0	 1	    1.00000	    0.00000	 138.0	 1	    1.06000	    0.94000;
	70	 2	 66.0	 20.0	 0.0	 0.0	 1	    1.00000	    0.00000	 138.0	 1	    1.06000	    0.94000;
	71	 1	 0.0	 0.0	 0.0	 0.0	 1	    1.00000	    0.00000	 138.0	 1	    1.06000	    0.94000;
	72	 2	 12.0	 0.0	 0.0	 0.0	 1	    1.00000	    0.00000	 138.0	 1	    1.06000	    0.94000;
	73	 2	 6.0	 0.0	 0.0	 0.0	 1	    1.00000	    0.00000	 138.0	 1	    1.06000	    0.94000;
	74	 2	 68.0	 27.0	 0.0	 12.0	 1	    1.00000	    0.00000	 138.0	 1	    1.06000	    0.94000;
	75	 1	 47.0	 11.0	 0.0	 0.0	 1	    1.00000	    0.00000	 138.0	 1	    1.06000	    0.94000;
	76	 2	 68.0	 36.0	 0.0	 0.0	 1	    1.00000	    0.00000	 138.0	 1	    1.06000	    0.94000;
	77	 2	 61.0	 28.0	 0.0	 0.0	 1	    1.00000	    0.00000	 138.0	 1	    1.06000	    0.94000;
	78	 1	 71.0	 26.0	 0.0	 0.0	 1	    1.00000	    0.00000	 138.0	 1	    1.06000	    0.94000;
	79	 1	 39.0	 32.0	 0.0	 20.0	 1	    1.00000	    0.00000	 138.0	 1	    1.06000	    0.94000;
