%%%%%%%%%%%%%%%%%%%%%%%%%%%%%%%%%%%%%%%%%%%%%%%%%%%%%%%%%%%%%%%%%%%%%%%%%%%
%%%%                                                                  %%%%%
%%%%    IEEE PES Power Grid Library - Optimal Power Flow - v17.07     %%%%%
%%%%          (https://github.com/power-grid-lib/pglib-opf)           %%%%%
%%%%             Benchmark Group - Small Angle Difference             %%%%%
%%%%                         27 - June - 2017                         %%%%%
%%%%                                                                  %%%%%
%%%%%%%%%%%%%%%%%%%%%%%%%%%%%%%%%%%%%%%%%%%%%%%%%%%%%%%%%%%%%%%%%%%%%%%%%%%
function mpc = pglib_opf_case89_pegase__sad
mpc.version = '2';
mpc.baseMVA = 100.0;

%% bus data
%	bus_i	type	Pd	Qd	Gs	Bs	area	Vm	Va	baseKV	zone	Vmax	Vmin
mpc.bus = [
	89	 1	 0.0	 0.0	 0.199111	 4.530599	 0	    1.00745	   -3.70538	 380.0	 2	    1.10000	    0.90000;
	228	 1	 -23.43	 57.4	 0.0	 0.0	 0	    1.06415	   -6.09824	 150.0	 2	    1.10000	    0.90000;
	271	 1	 96.7	 26.8	 0.0	 0.0	 0	    1.04820	   -8.01848	 150.0	 2	    1.10000	    0.90000;
	317	 1	 -0.0	 -0.0	 0.045946	 -1.82203	 0	    1.05653	   -0.70374	 380.0	 2	    1.10000	    0.90000;
	659	 1	 -0.0	 -0.0	 0.174507	 73.977052	 0	    1.05818	   -0.72698	 380.0	 2	    1.10000	    0.90000;
	792	 1	 295.3	 41.9	 0.0	 0.0	 0	    1.04807	   -7.06714	 150.0	 2	    1.10000	    0.90000;
	913	 3	 0.0	 0.0	 0.0	 0.0	 0	    1.03367	    0.00000	 380.0	 2	    1.10000	    0.90000;
	955	 1	 244.2	 152.7	 0.0	 0.0	 0	    1.00942	  -10.12428	 150.0	 2	    1.10000	    0.90000;
	1037	 1	 -0.0	 0.0	 0.0	 0.55	 0	    1.06060	   -1.79258	 380.0	 2	    1.10000	    0.90000;
	1163	 1	 -0.0	 -0.0	 0.0	 16.04	 0	    1.02341	   -3.31693	 380.0	 2	    1.10000	    0.90000;
	1317	 1	 149.3	 -2.0	 0.0	 20.77	 0	    1.04792	   -1.46258	 380.0	 2	    1.10000	    0.90000;
	1367	 1	 0.0	 -0.0	 0.175687	 -1.509401	 0	    1.03248	   -1.73530	 380.0	 2	    1.10000	    0.90000;
	1445	 1	 238.4	 210.9	 0.0	 0.0	 0	    1.04831	   -5.74157	 220.0	 2	    1.10000	    0.90000;
	1531	 1	 -0.0	 0.0	 0.0	 0.0	 0	    1.03695	   -9.45846	 150.0	 2	    1.10000	    0.90000;
	1579	 1	 -0.0	 0.0	 0.0	 16.56	 0	    1.01874	   -3.56392	 380.0	 2	    1.10000	    0.90000;
	1611	 1	 274.1	 166.5	 0.0	 0.56	 0	    1.05393	   -7.31635	 150.0	 2	    1.10000	    0.90000;
	1616	 1	 0.0	 0.0	 0.0	 14.45	 0	    1.01348	   -3.05654	 380.0	 2	    1.10000	    0.90000;
	1676	 1	 -0.0	 0.0	 0.171586	 -1.4632	 0	    1.02309	   -3.34091	 380.0	 2	    1.10000	    0.90000;
	1815	 1	 63.66	 9.7	 0.0	 0.0	 0	    1.06685	   -6.01637	 220.0	 2	    1.10000	    0.90000;
	1968	 1	 118.4	 137.0	 0.0	 0.0	 0	    1.03123	  -10.37964	 150.0	 2	    1.10000	    0.90000;
	2107	 2	 0.0	 0.0	 0.0	 0.0	 0	    1.03921	    0.41248	 380.0	 2	    1.10000	    0.90000;
	2154	 1	 -357.45	 33.05	 0.29	 -5.6	 0	    1.03475	    2.41587	 380.0	 2	    1.10000	    0.90000;
	2168	 1	 8.6	 -1.48	 0.0	 0.0	 0	    1.02437	  -12.19123	 150.0	 2	    1.10000	    0.90000;
	2267	 2	 0.0	 0.0	 0.0	 0.0	 0	    1.05217	    3.87084	 380.0	 2	    1.10000	    0.90000;
	2268	 1	 0.0	 -0.0	 0.183167	 22.675025	 0	    0.99914	   -4.05024	 380.0	 2	    1.10000	    0.90000;
	2299	 1	 402.1	 110.2	 0.0	 0.0	 0	    1.05344	   -8.84177	 150.0	 2	    1.10000	    0.90000;
	2441	 1	 0.0	 -0.0	 0.242534	 1.143584	 0	    0.99540	   -4.10419	 380.0	 2	    1.10000	    0.90000;
	2449	 1	 301.9	 -103.2	 0.0	 0.0	 0	    1.10000	   -8.45419	 150.0	 2	    1.10000	    0.90000;
	2520	 1	 -0.0	 -0.0	 0.057433	 3.80797	 0	    1.00836	   -3.77448	 380.0	 2	    1.10000	    0.90000;
	2870	 1	 -0.0	 0.0	 0.0	 0.62	 0	    1.06060	   -1.79258	 380.0	 2	    1.10000	    0.90000;
	2908	 1	 203.8	 61.0	 0.0	 0.6	 0	    1.02985	   -9.22351	 150.0	 2	    1.10000	    0.90000;
	3097	 1	 361.91	 3.66	 0.0	 9.39	 0	    1.05580	   -2.40946	 380.0	 2	    1.10000	    0.90000;
	3242	 1	 296.1	 82.3	 0.0	 0.0	 0	    1.06266	   -7.22259	 150.0	 2	    1.10000	    0.90000;
	3279	 1	 0.0	 0.0	 0.0	 0.0	 0	    1.04814	   -7.03766	 150.0	 2	    1.10000	    0.90000;
	3493	 1	 226.3	 61.1	 0.0	 0.0	 0	    1.05258	   -8.13531	 150.0	 2	    1.10000	    0.90000;
	3506	 1	 0.0	 0.0	 0.0	 0.6	 0	    1.00965	  -10.08971	 150.0	 2	    1.10000	    0.90000;
	3659	 2	 0.0	 0.0	 0.0	 0.0	 0	    1.04312	    1.00222	 380.0	 2	    1.10000	    0.90000;
	4014	 1	 0.0	 0.0	 0.0	 0.0	 0	    1.05929	   -7.36732	 150.0	 2	    1.10000	    0.90000;
	4423	 1	 -0.0	 -0.0	 0.0	 0.33	 0	    1.05346	   -8.82160	 150.0	 2	    1.10000	    0.90000;
	4427	 1	 296.8	 77.7	 0.0	 0.0	 0	    1.04689	   -9.17888	 150.0	 2	    1.10000	    0.90000;
	4495	 1	 336.3	 104.4	 0.0	 0.0	 0	    1.04956	   -9.38617	 150.0	 2	    1.10000	    0.90000;
	4586	 2	 0.0	 0.0	 0.0	 0.0	 0	    1.06078	   -7.00797	 150.0	 2	    1.10000	    0.90000;
	4665	 1	 390.5	 62.5	 0.0	 0.0	 0	    1.05074	   -9.85248	 150.0	 2	    1.10000	    0.90000;
	4929	 1	 37.0	 8.7	 0.070441	 50.913893	 0	    1.06059	   -1.79256	 380.0	 2	    1.10000	    0.90000;
	5097	 2	 0.0	 0.0	 0.0	 0.0	 0	    1.06260	   -7.22160	 150.0	 2	    1.10000	    0.90000;
	5155	 1	 411.3	 168.0	 0.0	 0.0	 0	    1.03997	   -9.16282	 150.0	 2	    1.10000	    0.90000;
	5210	 1	 347.61	 74.37	 0.0	 0.0	 0	    1.04889	   -5.37654	 220.0	 2	    1.10000	    0.90000;
	5416	 1	 0.0	 0.0	 0.0	 25.13	 0	    1.05112	    4.21523	 380.0	 2	    1.10000	    0.90000;
	5509	 1	 0.0	 0.0	 0.314057	 17.296509	 0	    1.01069	   -4.41987	 380.0	 2	    1.10000	    0.90000;
	5587	 1	 -0.0	 -0.0	 0.0	 0.33	 0	    1.05269	   -8.09917	 150.0	 2	    1.10000	    0.90000;
	5762	 1	 0.0	 0.0	 0.0	 2.23	 0	    1.03879	    0.68168	 380.0	 2	    1.10000	    0.90000;
	5776	 1	 222.7	 80.5	 0.0	 0.0	 0	    1.08515	   -8.56968	 150.0	 2	    1.10000	    0.90000;
	5848	 1	 0.0	 -0.0	 0.29	 -0.42	 0	    1.02153	   -3.21943	 380.0	 2	    1.10000	    0.90000;
	5996	 1	 -0.0	 -0.0	 0.164188	 4.023827	 0	    1.03874	    0.68191	 380.0	 2	    1.10000	    0.90000;
	6069	 1	 -456.66	 -131.97	 0.285753	 35.371068	 0	    0.98293	   -5.30902	 380.0	 2	    1.10000	    0.90000;
	6233	 2	 0.0	 0.0	 0.0	 0.0	 0	    1.05679	   -0.66569	 380.0	 2	    1.10000	    0.90000;
	6293	 1	 -0.0	 0.0	 0.0	 33.66	 0	    0.99849	   -3.73097	 380.0	 2	    1.10000	    0.90000;
	6542	 1	 355.98	 -147.98	 0.0	 0.0	 0	    1.07921	   -8.41217	 220.0	 2	    1.10000	    0.90000;
	6704	 1	 -0.0	 -0.0	 0.211099	 0.672832	 0	    1.01500	   -3.19080	 380.0	 2	    1.10000	    0.90000;
	6798	 2	 0.0	 0.0	 0.0	 0.0	 0	    1.06105	   -0.60531	 380.0	 2	    1.10000	    0.90000;
	6826	 1	 326.9	 -82.3	 0.0	 0.0	 0	    1.08691	   -8.70724	 150.0	 2	    1.10000	    0.90000;
	6833	 1	 0.0	 0.0	 0.246363	 4.841277	 0	    0.97420	   -6.03477	 380.0	 2	    1.10000	    0.90000;
	7051	 1	 0.0	 0.0	 0.0	 21.19	 0	    1.02787	   -3.13298	 380.0	 2	    1.10000	    0.90000;
	7180	 1	 -0.0	 0.0	 0.234234	 4.220723	 0	    0.97684	   -6.12370	 380.0	 2	    1.10000	    0.90000;
	7279	 2	 0.0	 0.0	 0.0	 0.0	 0	    1.05929	   -7.36732	 150.0	 2	    1.10000	    0.90000;
	7526	 1	 -179.73	 -63.08	 0.0	 0.0	 0	    1.02746	   -2.45623	 380.0	 2	    1.10000	    0.90000;
	7563	 1	 531.7	 -12.8	 0.0	 0.0	 0	    1.05410	  -10.04681	 150.0	 2	    1.10000	    0.90000;
	7637	 1	 0.0	 0.0	 0.29	 6.18	 0	    1.04918	   10.22889	 380.0	 2	    1.10000	    0.90000;
	7762	 1	 -0.0	 0.0	 0.304243	 48.453399	 0	    1.01711	   -2.35205	 380.0	 2	    1.10000	    0.90000;
	7829	 1	 -114.36	 30.04	 0.0	 0.0	 0	    1.07169	   -5.78011	 220.0	 2	    1.10000	    0.90000;
	7960	 2	 0.0	 0.0	 0.0	 0.0	 0	    1.05993	   -0.66374	 380.0	 2	    1.10000	    0.90000;
	8103	 1	 39.34	 -10.7	 0.0	 0.0	 0	    1.01812	   -4.41932	 150.0	 2	    1.10000	    0.90000;
	8179	 1	 -0.0	 0.0	 0.194464	 19.1468	 0	    1.01134	   -3.55486	 380.0	 2	    1.10000	    0.90000;
	8181	 1	 0.0	 -0.0	 0.210824	 6.620599	 0	    1.01109	   -3.33355	 380.0	 2	    1.10000	    0.90000;
	8229	 1	 0.0	 0.0	 0.0	 0.0	 0	    1.08515	   -8.56968	 150.0	 2	    1.10000	    0.90000;
