%%%%%%%%%%%%%%%%%%%%%%%%%%%%%%%%%%%%%%%%%%%%%%%%%%%%%%%%%%%%%%%%%%%%%%%%%%%
%%%%                                                                  %%%%%
%%%%    IEEE PES Power Grid Library - Optimal Power Flow - v23.07     %%%%%
%%%%          (https://github.com/power-grid-lib/pglib-opf)           %%%%%
%%%%             Benchmark Group - Small Angle Difference             %%%%%
%%%%                         23 - July - 2023                         %%%%%
%%%%                                                                  %%%%%
%%%%%%%%%%%%%%%%%%%%%%%%%%%%%%%%%%%%%%%%%%%%%%%%%%%%%%%%%%%%%%%%%%%%%%%%%%%
function mpc = pglib_opf_case39_epri__sad
mpc.version = '2';
mpc.baseMVA = 100.0;

%% bus data
%	bus_i	type	Pd	Qd	Gs	Bs	area	Vm	Va	baseKV	zone	Vmax	Vmin
mpc.bus = [
	1	 1	 97.6	 44.2	 0.0	 0.0	 2	    1.00000	    0.00000	 345.0	 1	    1.06000	    0.94000;
	2	 1	 0.0	 0.0	 0.0	 0.0	 2	    1.00000	    0.00000	 345.0	 1	    1.06000	    0.94000;
	3	 1	 322.0	 2.4	 0.0	 0.0	 2	    1.00000	    0.00000	 345.0	 1	    1.06000	    0.94000;
	4	 1	 500.0	 184.0	 0.0	 0.0	 1	    1.00000	    0.00000	 345.0	 1	    1.06000	    0.94000;
	5	 1	 0.0	 0.0	 0.0	 0.0	 1	    1.00000	    0.00000	 345.0	 1	    1.06000	    0.94000;
	6	 1	 0.0	 0.0	 0.0	 0.0	 1	    1.00000	    0.00000	 345.0	 1	    1.06000	    0.94000;
	7	 1	 233.8	 84.0	 0.0	 0.0	 1	    1.00000	    0.00000	 345.0	 1	    1.06000	    0.94000;
	8	 1	 522.0	 176.6	 0.0	 0.0	 1	    1.00000	    0.00000	 345.0	 1	    1.06000	    0.94000;
	9	 1	 6.5	 -66.6	 0.0	 0.0	 1	    1.00000	    0.00000	 345.0	 1	    1.06000	    0.94000;
	10	 1	 0.0	 0.0	 0.0	 0.0	 1	    1.00000	    0.00000	 345.0	 1	    1.06000	    0.94000;
	11	 1	 0.0	 0.0	 0.0	 0.0	 1	    1.00000	    0.00000	 345.0	 1	    1.06000	    0.94000;
	12	 1	 8.53	 88.0	 0.0	 0.0	 1	    1.00000	    0.00000	 345.0	 1	    1.06000	    0.94000;
	13	 1	 0.0	 0.0	 0.0	 0.0	 1	    1.00000	    0.00000	 345.0	 1	    1.06000	    0.94000;
	14	 1	 0.0	 0.0	 0.0	 0.0	 1	    1.00000	    0.00000	 345.0	 1	    1.06000	    0.94000;
	15	 1	 320.0	 153.0	 0.0	 0.0	 3	    1.00000	    0.00000	 345.0	 1	    1.06000	    0.94000;
	16	 1	 329.0	 32.3	 0.0	 0.0	 3	    1.00000	    0.00000	 345.0	 1	    1.06000	    0.94000;
	17	 1	 0.0	 0.0	 0.0	 0.0	 2	    1.00000	    0.00000	 345.0	 1	    1.06000	    0.94000;
	18	 1	 158.0	 30.0	 0.0	 0.0	 2	    1.00000	    0.00000	 345.0	 1	    1.06000	    0.94000;
	19	 1	 0.0	 0.0	 0.0	 0.0	 3	    1.00000	    0.00000	 345.0	 1	    1.06000	    0.94000;
	20	 1	 680.0	 103.0	 0.0	 0.0	 3	    1.00000	    0.00000	 345.0	 1	    1.06000	    0.94000;
	21	 1	 274.0	 115.0	 0.0	 0.0	 3	    1.00000	    0.00000	 345.0	 1	    1.06000	    0.94000;
	22	 1	 0.0	 0.0	 0.0	 0.0	 3	    1.00000	    0.00000	 345.0	 1	    1.06000	    0.94000;
	23	 1	 247.5	 84.6	 0.0	 0.0	 3	    1.00000	    0.00000	 345.0	 1	    1.06000	    0.94000;
	24	 1	 308.6	 -92.2	 0.0	 0.0	 3	    1.00000	    0.00000	 345.0	 1	    1.06000	    0.94000;
	25	 1	 224.0	 47.2	 0.0	 0.0	 2	    1.00000	    0.00000	 345.0	 1	    1.06000	    0.94000;
	26	 1	 139.0	 17.0	 0.0	 0.0	 2	    1.00000	    0.00000	 345.0	 1	    1.06000	    0.94000;
	27	 1	 281.0	 75.5	 0.0	 0.0	 2	    1.00000	    0.00000	 345.0	 1	    1.06000	    0.94000;
	28	 1	 206.0	 27.6	 0.0	 0.0	 3	    1.00000	    0.00000	 345.0	 1	    1.06000	    0.94000;
	29	 1	 283.5	 26.9	 0.0	 0.0	 3	    1.00000	    0.00000	 345.0	 1	    1.06000	    0.94000;
	30	 2	 0.0	 0.0	 0.0	 0.0	 2	    1.00000	    0.00000	 345.0	 1	    1.06000	    0.94000;
	31	 3	 9.2	 4.6	 0.0	 0.0	 1	    1.00000	    0.00000	 345.0	 1	    1.06000	    0.94000;
	32	 2	 0.0	 0.0	 0.0	 0.0	 1	    1.00000	    0.00000	 345.0	 1	    1.06000	    0.94000;
	33	 2	 0.0	 0.0	 0.0	 0.0	 3	    1.00000	    0.00000	 345.0	 1	    1.06000	    0.94000;
	34	 2	 0.0	 0.0	 0.0	 0.0	 3	    1.00000	    0.00000	 345.0	 1	    1.06000	    0.94000;
	35	 2	 0.0	 0.0	 0.0	 0.0	 3	    1.00000	    0.00000	 345.0	 1	    1.06000	    0.94000;
	36	 2	 0.0	 0.0	 0.0	 0.0	 3	    1.00000	    0.00000	 345.0	 1	    1.06000	    0.94000;
	37	 2	 0.0	 0.0	 0.0	 0.0	 2	    1.00000	    0.00000	 345.0	 1	    1.06000	    0.94000;
	38	 2	 0.0	 0.0	 0.0	 0.0	 3	    1.00000	    0.00000	 345.0	 1	    1.06000	    0.94000;
	39	 2	 1104.0	 250.0	 0.0	 0.0	 1	    1.00000	    0.00000	 345.0	 1	    1.06000	    0.94000;
];

%% generator data
%	bus	Pg	Qg	Qmax	Qmin	Vg	mBase	status	Pmax	Pmin
mpc.gen = [
	30	 520.0	 270.0	 400.0	 140.0	 1.0	 100.0	 1	 1040.0	 0.0;
	31	 323.0	 100.0	 300.0	 -100.0	 1.0	 100.0	 1	 646.0	 0.0;
	32	 362.5	 225.0	 300.0	 150.0	 1.0	 100.0	 1	 725.0	 0.0;
	33	 326.0	 125.0	 250.0	 0.0	 1.0	 100.0	 1	 652.0	 0.0;
	34	 254.0	 83.5	 167.0	 0.0	 1.0	 100.0	 1	 508.0	 0.0;
	35	 343.5	 100.0	 300.0	 -100.0	 1.0	 100.0	 1	 687.0	 0.0;
	36	 290.0	 120.0	 240.0	 0.0	 1.0	 100.0	 1	 580.0	 0.0;
	37	 282.0	 125.0	 250.0	 0.0	 1.0	 100.0	 1	 564.0	 0.0;
	38	 432.5	 75.0	 300.0	 -150.0	 1.0	 100.0	 1	 865.0	 0.0;
	39	 550.0	 100.0	 300.0	 -100.0	 1.0	 100.0	 1	 1100.0	 0.0;
];

%% generator cost data
%	2	startup	shutdown	n	c(n-1)	...	c0
mpc.gencost = [
	2	 0.0	 0.0	 3	   0.000000	   6.724778	   0.000000;
	2	 0.0	 0.0	 3	   0.000000	  14.707625	   0.000000;
	2	 0.0	 0.0	 3	   0.000000	  24.804734	   0.000000;
	2	 0.0	 0.0	 3	   0.000000	  34.844643	   0.000000;
	2	 0.0	 0.0	 3	   0.000000	  24.652994	   0.000000;
	2	 0.0	 0.0	 3	   0.000000	  32.306483	   0.000000;
	2	 0.0	 0.0	 3	   0.000000	  18.157477	   0.000000;
	2	 0.0	 0.0	 3	   0.000000	  31.550181	   0.000000;
	2	 0.0	 0.0	 3	   0.000000	  22.503168	   0.000000;
	2	 0.0	 0.0	 3	   0.000000	  27.434444	   0.000000;
];

%% branch data
%	fbus	tbus	r	x	b	rateA	rateB	rateC	ratio	angle	status	angmin	angmax
