%%%%%%%%%%%%%%%%%%%%%%%%%%%%%%%%%%%%%%%%%%%%%%%%%%%%%%%%%%%%%%%%%%%%%%%%%%%
%%%%                                                                  %%%%%
%%%%    IEEE PES Power Grid Library - Optimal Power Flow - v17.07     %%%%%
%%%%          (https://github.com/power-grid-lib/pglib-opf)           %%%%%
%%%%               Benchmark Group - Typical Operations               %%%%%
%%%%                         26 - June - 2017                         %%%%%
%%%%                                                                  %%%%%
%%%%%%%%%%%%%%%%%%%%%%%%%%%%%%%%%%%%%%%%%%%%%%%%%%%%%%%%%%%%%%%%%%%%%%%%%%%
%
%   Power flow data for 30 bus, 6 generator case.
%
%   Alsac, O. & Stott, B., "Optimal Load Flow with Steady State Security",
%   IEEE Transactions on Power Apparatus and Systems, Vol. PAS 93, No. 3,
%   1974, pp. 745-751.
%
%   The generation MVA limit is used for Q upper bounds
%   Shunts assumed to be in real value (not p.u. as specified in the paper)
%
%   Copyright (c) 1974 by The Institute of Electrical and Electronics Engineers (IEEE)
%   Licensed under the Creative Commons Attribution 4.0
%   International license, http://creativecommons.org/licenses/by/4.0/
%
%   Contact M.E. Brennan (me.brennan@ieee.org) for inquries on further reuse of
%   this dataset.
%
function mpc = pglib_opf_case30_as
mpc.version = '2';
mpc.baseMVA = 100.0;

%% area data
%	area	refbus
mpc.areas = [
	1	 1;
];

%% bus data
%	bus_i	type	Pd	Qd	Gs	Bs	area	Vm	Va	baseKV	zone	Vmax	Vmin
mpc.bus = [
	1	 3	 0.0	 0.0	 0.0	 0.0	 1	    1.05000	   -0.00000	 135.0	 1	    1.05000	    0.95000;
	2	 2	 21.7	 12.7	 0.0	 0.0	 1	    1.03852	   -3.69896	 135.0	 1	    1.10000	    0.95000;
	3	 1	 2.4	 1.2	 0.0	 0.0	 1	    1.02752	   -5.74184	 135.0	 1	    1.05000	    0.95000;
	4	 1	 7.6	 1.6	 0.0	 0.0	 1	    1.02228	   -6.90597	 135.0	 1	    1.05000	    0.95000;
	5	 1	 94.2	 19.0	 0.0	 0.0	 1	    1.01205	  -10.49663	 135.0	 1	    1.05000	    0.95000;
	6	 1	 0.0	 0.0	 0.0	 0.0	 1	    1.01893	   -8.03889	 135.0	 1	    1.05000	    0.95000;
	7	 1	 22.8	 10.9	 0.0	 0.0	 1	    1.00791	   -9.56342	 135.0	 1	    1.05000	    0.95000;
	8	 1	 30.0	 30.0	 0.0	 0.0	 1	    1.02094	   -8.32762	 135.0	 1	    1.05000	    0.95000;
	9	 1	 0.0	 0.0	 0.0	 0.0	 1	    1.02683	  -10.17984	 135.0	 1	    1.05000	    0.95000;
	10	 1	 5.8	 2.0	 0.0	 5.26	 1	    1.01983	  -12.04949	 135.0	 1	    1.05000	    0.95000;
	11	 1	 0.0	 0.0	 0.0	 0.0	 1	    1.05000	   -8.82366	 135.0	 1	    1.05000	    0.95000;
	12	 1	 11.2	 7.5	 0.0	 0.0	 1	    1.03249	  -11.35278	 135.0	 1	    1.05000	    0.95000;
	13	 2	 0.0	 0.0	 0.0	 0.0	 1	    1.06068	  -10.47381	 135.0	 1	    1.10000	    0.95000;
	14	 1	 6.2	 1.6	 0.0	 0.0	 1	    1.01983	  -12.33186	 135.0	 1	    1.05000	    0.95000;
	15	 1	 8.2	 2.5	 0.0	 0.0	 1	    1.01725	  -12.52883	 135.0	 1	    1.05000	    0.95000;
	16	 1	 3.5	 1.8	 0.0	 0.0	 1	    1.01978	  -11.93358	 135.0	 1	    1.05000	    0.95000;
	17	 1	 9.0	 5.8	 0.0	 0.0	 1	    1.01436	  -12.23291	 135.0	 1	    1.05000	    0.95000;
	18	 1	 3.2	 0.9	 0.0	 0.0	 1	    1.00575	  -13.08596	 135.0	 1	    1.05000	    0.95000;
	19	 1	 9.5	 3.4	 0.0	 0.0	 1	    1.00214	  -13.21715	 135.0	 1	    1.05000	    0.95000;
	20	 1	 2.2	 0.7	 0.0	 0.0	 1	    1.00577	  -12.98437	 135.0	 1	    1.05000	    0.95000;
	21	 1	 17.5	 11.2	 0.0	 0.0	 1	    1.01291	  -12.66616	 135.0	 1	    1.05000	    0.95000;
	22	 2	 0.0	 0.0	 0.0	 0.0	 1	    1.01527	  -12.70293	 135.0	 1	    1.10000	    0.95000;
	23	 2	 3.2	 1.6	 0.0	 0.0	 1	    1.01744	  -13.27418	 135.0	 1	    1.10000	    0.95000;
	24	 1	 8.7	 6.7	 0.0	 25.0	 1	    1.02634	  -13.90091	 135.0	 1	    1.05000	    0.95000;
	25	 1	 0.0	 0.0	 0.0	 0.0	 1	    1.01185	  -13.19644	 135.0	 1	    1.05000	    0.95000;
	26	 1	 3.5	 2.3	 0.0	 0.0	 1	    0.99407	  -13.62075	 135.0	 1	    1.05000	    0.95000;
	27	 2	 0.0	 0.0	 0.0	 0.0	 1	    1.01139	  -12.50249	 135.0	 1	    1.10000	    0.95000;
	28	 1	 0.0	 0.0	 0.0	 0.0	 1	    1.01678	   -8.55577	 135.0	 1	    1.05000	    0.95000;
	29	 1	 2.4	 0.9	 0.0	 0.0	 1	    0.99130	  -13.76204	 135.0	 1	    1.05000	    0.95000;
	30	 1	 10.6	 1.9	 0.0	 0.0	 1	    0.97967	  -14.66682	 135.0	 1	    1.05000	    0.95000;
];

%% generator data
%	bus	Pg	Qg	Qmax	Qmin	Vg	mBase	status	Pmax	Pmin	Pc1	Pc2	Qc1min	Qc1max	Qc2min	Qc2max	ramp_agc	ramp_10	ramp_30	ramp_q	apf
mpc.gen = [
	1	 176.173	 -15.56	 250.0	 -20.0	 1.05	 100.0	 1	 200.0	 50.0	 0.0	 0.0	 0.0	 0.0	 0.0	 0.0	 0.0	 0.0	 0.0	 0.0	 0.0;
	2	 48.863	 30.287	 100.0	 -20.0	 1.03852	 100.0	 1	 80.0	 20.0	 0.0	 0.0	 0.0	 0.0	 0.0	 0.0	 0.0	 0.0	 0.0	 0.0	 0.0;
	5	 21.525	 30.405	 80.0	 -15.0	 1.01205	 100.0	 1	 50.0	 15.0	 0.0	 0.0	 0.0	 0.0	 0.0	 0.0	 0.0	 0.0	 0.0	 0.0	 0.0;
	8	 22.253	 37.836	 60.0	 -15.0	 1.02094	 100.0	 1	 35.0	 10.0	 0.0	 0.0	 0.0	 0.0	 0.0	 0.0	 0.0	 0.0	 0.0	 0.0	 0.0;
	11	 12.268	 11.841	 50.0	 -10.0	 1.05	 100.0	 1	 30.0	 10.0	 0.0	 0.0	 0.0	 0.0	 0.0	 0.0	 0.0	 0.0	 0.0	 0.0	 0.0;
	13	 12.0	 21.45	 60.0	 -15.0	 1.06068	 100.0	 1	 40.0	 12.0	 0.0	 0.0	 0.0	 0.0	 0.0	 0.0	 0.0	 0.0	 0.0	 0.0	 0.0;
];

%% generator cost data
%	2	startup	shutdown	n	c(n-1)	...	c0
mpc.gencost = [
	2	 0.0	 0.0	 3	   0.003750	   2.000000	   0.000000;
	2	 0.0	 0.0	 3	   0.017500	   1.750000	   0.000000;
	2	 0.0	 0.0	 3	   0.062500	   1.000000	   0.000000;
	2	 0.0	 0.0	 3	   0.008340	   3.250000	   0.000000;
	2	 0.0	 0.0	 3	   0.025000	   3.000000	   0.000000;
	2	 0.0	 0.0	 3	   0.025000	   3.000000	   0.000000;
];

%% branch data
%	fbus	tbus	r	x	b	rateA	rateB	rateC	ratio	angle	status	angmin	angmax
