%%%%%%%%%%%%%%%%%%%%%%%%%%%%%%%%%%%%%%%%%%%%%%%%%%%%%%%%%%%%%%%%%%%%%%%%%%%
%%%%                                                                  %%%%%
%%%%    IEEE PES Power Grid Library - Optimal Power Flow - v17.07     %%%%%
%%%%          (https://github.com/power-grid-lib/pglib-opf)           %%%%%
%%%%               Benchmark Group - Typical Operations               %%%%%
%%%%                         26 - June - 2017                         %%%%%
%%%%                                                                  %%%%%
%%%%%%%%%%%%%%%%%%%%%%%%%%%%%%%%%%%%%%%%%%%%%%%%%%%%%%%%%%%%%%%%%%%%%%%%%%%
%
%   This is an entirely synthetic 200 bus case, geographically situated
%   in the central part of the US state of Illinois. The case is
%   designed with a 230 and 115 kV transmission network to serve a load
%   that roughly mimics the actual population of its geographic
%   footprint. The synthetic transmission system was designed by
%   algorithms described in [1] to be statistically similar to actual
%   transmission system models but without modeling any actual lines.
%
%   When publishing results based on this data, please cite:
%
%   [1] A.B. Birchfield, T. Xu, K.M. Gegner, K.S. Shetye, T.J. Overbye,
%       "Grid Structural Characteristics as Validation Criteria for
%       Synthetic Networks," IEEE Transactions on Power Systems, 2017.
%
%   Created from Illinois200_DEC-06-2016_v19.pwb, saved by
%   PowerWorld Simulator, version 20 Beta, build date December 2, 2016,
%   then by MATPOWER 6.0.
%
%   Copyright (c) 2016, Power Systems Engineering Research Center (PSERC)
%   Licensed under the Creative Commons Attribution 4.0 International license,
%   http://creativecommons.org/licenses/by/4.0/
%
function mpc = pglib_opf_case200_pserc
mpc.version = '2';
mpc.baseMVA = 100.0;

%% bus data
%	bus_i	type	Pd	Qd	Gs	Bs	area	Vm	Va	baseKV	zone	Vmax	Vmin
mpc.bus = [
	1	 1	 0.0	 0.0	 0.0	 0.0	 1	    0.99873	  -36.48484	 115.0	 1	    1.10000	    0.90000;
	2	 1	 10.95	 3.12	 0.0	 0.0	 1	    0.99855	  -36.50465	 115.0	 1	    1.10000	    0.90000;
	3	 1	 0.0	 0.0	 0.0	 0.0	 1	    1.01033	  -38.18613	 115.0	 1	    1.10000	    0.90000;
	4	 1	 2.72	 0.77	 0.0	 0.0	 1	    1.01029	  -38.19092	 115.0	 1	    1.10000	    0.90000;
	5	 1	 0.0	 0.0	 0.0	 0.0	 1	    1.02317	  -38.81435	 115.0	 1	    1.10000	    0.90000;
	6	 1	 12.5	 3.56	 0.0	 0.0	 1	    1.02297	  -38.83584	 115.0	 1	    1.10000	    0.90000;
	7	 1	 0.0	 0.0	 0.0	 0.0	 1	    0.98952	  -37.64075	 115.0	 1	    1.10000	    0.90000;
	8	 1	 35.2	 10.03	 0.0	 0.0	 1	    0.98897	  -37.70275	 115.0	 1	    1.10000	    0.90000;
	9	 1	 0.0	 0.0	 0.0	 0.0	 1	    0.99393	  -37.02379	 115.0	 1	    1.10000	    0.90000;
	10	 1	 63.29	 18.04	 0.0	 0.0	 1	    0.99283	  -37.16344	 115.0	 1	    1.10000	    0.90000;
	11	 1	 0.0	 0.0	 0.0	 0.0	 1	    1.03491	  -35.62728	 115.0	 1	    1.10000	    0.90000;
	12	 1	 0.49	 0.14	 0.0	 0.0	 1	    1.03490	  -35.62816	 115.0	 1	    1.10000	    0.90000;
	13	 1	 4.04	 1.15	 0.0	 0.0	 1	    1.03484	  -35.63470	 115.0	 1	    1.10000	    0.90000;
	14	 1	 0.0	 0.0	 0.0	 0.0	 1	    1.03312	  -34.38198	 230.0	 1	    1.10000	    0.90000;
	15	 1	 0.0	 0.0	 0.0	 30.0	 1	    1.03559	  -35.49771	 115.0	 1	    1.10000	    0.90000;
	16	 1	 71.7	 20.44	 0.0	 0.0	 1	    1.03457	  -35.61438	 115.0	 1	    1.10000	    0.90000;
	17	 1	 0.0	 0.0	 0.0	 0.0	 1	    1.00113	  -39.16169	 115.0	 1	    1.10000	    0.90000;
	18	 1	 1.14	 0.33	 0.0	 0.0	 1	    1.00112	  -39.16416	 115.0	 1	    1.10000	    0.90000;
	19	 1	 1.23	 0.35	 0.0	 0.0	 1	    1.00112	  -39.16375	 115.0	 1	    1.10000	    0.90000;
	20	 1	 1.81	 0.52	 0.0	 0.0	 1	    1.00111	  -39.16497	 115.0	 1	    1.10000	    0.90000;
	21	 1	 7.38	 2.1	 0.0	 0.0	 1	    1.00101	  -39.17756	 115.0	 1	    1.10000	    0.90000;
	22	 1	 0.0	 0.0	 0.0	 0.0	 1	    1.03446	  -35.65074	 115.0	 1	    1.10000	    0.90000;
	23	 1	 2.26	 0.64	 0.0	 0.0	 1	    1.03443	  -35.65442	 115.0	 1	    1.10000	    0.90000;
	24	 1	 3.84	 1.09	 0.0	 0.0	 1	    1.03440	  -35.65664	 115.0	 1	    1.10000	    0.90000;
	25	 1	 0.0	 0.0	 0.0	 0.0	 1	    1.02571	  -39.09735	 115.0	 1	    1.10000	    0.90000;
	26	 1	 2.13	 0.61	 0.0	 0.0	 1	    1.02568	  -39.10071	 115.0	 1	    1.10000	    0.90000;
	27	 1	 0.0	 0.0	 0.0	 0.0	 1	    1.03505	  -35.78245	 115.0	 1	    1.10000	    0.90000;
	28	 1	 3.74	 1.07	 0.0	 0.0	 1	    1.03499	  -35.79004	 115.0	 1	    1.10000	    0.90000;
	29	 1	 0.0	 0.0	 0.0	 0.0	 1	    0.99886	  -36.22622	 115.0	 1	    1.10000	    0.90000;
	30	 1	 87.62	 24.97	 0.0	 0.0	 1	    0.99746	  -36.37403	 115.0	 1	    1.10000	    0.90000;
	31	 1	 0.0	 0.0	 0.0	 0.0	 1	    0.99938	  -39.56236	 115.0	 1	    1.10000	    0.90000;
	32	 1	 0.7	 0.2	 0.0	 0.0	 1	    0.99937	  -39.56385	 115.0	 1	    1.10000	    0.90000;
	33	 1	 8.82	 2.51	 0.0	 0.0	 1	    0.99924	  -39.58000	 115.0	 1	    1.10000	    0.90000;
	34	 1	 0.0	 0.0	 0.0	 0.0	 1	    1.01793	  -36.92968	 115.0	 1	    1.10000	    0.90000;
	35	 1	 33.26	 9.48	 0.0	 0.0	 1	    1.01740	  -36.99426	 115.0	 1	    1.10000	    0.90000;
	36	 1	 0.0	 0.0	 0.0	 0.0	 1	    1.00593	  -39.69335	 115.0	 1	    1.10000	    0.90000;
	37	 1	 4.89	 1.39	 0.0	 0.0	 1	    1.00586	  -39.70212	 115.0	 1	    1.10000	    0.90000;
	38	 1	 40.81	 11.63	 0.0	 0.0	 1	    1.00525	  -39.77011	 115.0	 1	    1.10000	    0.90000;
	39	 1	 11.86	 3.38	 0.0	 0.0	 1	    0.99887	  -39.91349	 115.0	 1	    1.10000	    0.90000;
	40	 1	 3.28	 0.93	 0.0	 0.0	 1	    0.99882	  -39.91906	 115.0	 1	    1.10000	    0.90000;
	41	 1	 61.87	 17.63	 0.0	 0.0	 1	    1.01504	  -41.82676	 115.0	 1	    1.10000	    0.90000;
	42	 1	 17.01	 4.85	 0.0	 0.0	 1	    1.00706	  -38.64636	 115.0	 1	    1.10000	    0.90000;
	43	 1	 3.09	 0.88	 0.0	 0.0	 1	    0.99438	  -38.62661	 115.0	 1	    1.10000	    0.90000;
	44	 1	 6.65	 1.89	 0.0	 0.0	 1	    1.00490	  -38.49004	 115.0	 1	    1.10000	    0.90000;
	45	 1	 0.0	 0.0	 0.0	 0.0	 1	    1.02776	  -33.75202	 230.0	 1	    1.10000	    0.90000;
	46	 1	 8.68	 2.47	 0.0	 0.0	 1	    1.02521	  -34.63327	 115.0	 1	    1.10000	    0.90000;
	47	 1	 2.47	 0.71	 0.0	 0.0	 1	    1.03164	  -35.01732	 115.0	 1	    1.10000	    0.90000;
	48	 1	 2.87	 0.82	 0.0	 0.0	 1	    1.02047	  -39.10606	 115.0	 1	    1.10000	    0.90000;
	49	 2	 0.0	 0.0	 0.0	 0.0	 1	    1.03228	  -37.82627	 13.8	 1	    1.10000	    0.90000;
	50	 2	 0.0	 0.0	 0.0	 0.0	 1	    1.02956	  -38.13255	 13.8	 1	    1.10000	    0.90000;
	51	 2	 0.0	 0.0	 0.0	 0.0	 1	    1.03383	  -37.62961	 13.8	 1	    1.10000	    0.90000;
	52	 2	 0.0	 0.0	 0.0	 0.0	 1	    1.02908	  -38.19229	 13.8	 1	    1.10000	    0.90000;
	53	 2	 0.0	 0.0	 0.0	 0.0	 1	    1.04000	  -36.32084	 13.8	 1	    1.10000	    0.90000;
	54	 1	 4.27	 1.22	 0.0	 0.0	 1	    1.02791	  -35.51823	 115.0	 1	    1.10000	    0.90000;
	55	 1	 0.0	 0.0	 0.0	 0.0	 1	    1.02472	  -34.50731	 230.0	 1	    1.10000	    0.90000;
	56	 1	 1.79	 0.51	 0.0	 0.0	 1	    1.02318	  -34.88256	 115.0	 1	    1.10000	    0.90000;
	57	 1	 4.52	 1.29	 0.0	 0.0	 1	    1.00556	  -38.95823	 115.0	 1	    1.10000	    0.90000;
	58	 1	 5.79	 1.65	 0.0	 0.0	 1	    1.01304	  -39.47107	 115.0	 1	    1.10000	    0.90000;
	59	 1	 7.02	 2.0	 0.0	 0.0	 1	    0.99170	  -39.28528	 115.0	 1	    1.10000	    0.90000;
	60	 1	 5.63	 1.6	 0.0	 0.0	 1	    1.01351	  -35.18503	 115.0	 1	    1.10000	    0.90000;
	61	 1	 28.14	 8.02	 0.0	 0.0	 1	    1.02135	  -35.14154	 115.0	 1	    1.10000	    0.90000;
	62	 1	 34.29	 9.77	 0.0	 0.0	 1	    1.00133	  -39.62362	 115.0	 1	    1.10000	    0.90000;
	63	 1	 12.79	 3.64	 0.0	 0.0	 1	    1.02757	  -37.02058	 115.0	 1	    1.10000	    0.90000;
	64	 1	 0.0	 0.0	 0.0	 0.0	 1	    1.02911	  -38.08788	 115.0	 1	    1.10000	    0.90000;
	65	 2	 0.0	 0.0	 0.0	 0.0	 1	    1.04000	  -34.79605	 13.8	 1	    1.10000	    0.90000;
	66	 1	 0.0	 0.0	 0.0	 0.0	 1	    1.03578	  -34.43837	 115.0	 1	    1.10000	    0.90000;
	67	 2	 0.0	 0.0	 0.0	 0.0	 1	    1.03976	  -34.10075	 13.8	 1	    1.10000	    0.90000;
