%%%%%%%%%%%%%%%%%%%%%%%%%%%%%%%%%%%%%%%%%%%%%%%%%%%%%%%%%%%%%%%%%%%%%%%%%%%
%%%%                                                                  %%%%%
%%%%    IEEE PES Power Grid Library - Optimal Power Flow - v21.07     %%%%%
%%%%          (https://github.com/power-grid-lib/pglib-opf)           %%%%%
%%%%               Benchmark Group - Typical Operations               %%%%%
%%%%                         29 - July - 2021                         %%%%%
%%%%                                                                  %%%%%
%%%%%%%%%%%%%%%%%%%%%%%%%%%%%%%%%%%%%%%%%%%%%%%%%%%%%%%%%%%%%%%%%%%%%%%%%%%
%
%   Power flow data for 30 bus, 6 generator case.
%
%   Alsac, O. & Stott, B., "Optimal Load Flow with Steady State Security",
%   IEEE Transactions on Power Apparatus and Systems, Vol. PAS 93, No. 3,
%   1974, pp. 745-751.
%
%   The generation MVA limit is used for Q upper bounds
%   Shunts assumed to be in real value (not p.u. as specified in the paper)
%
%   Copyright (c) 1974 by The Institute of Electrical and Electronics Engineers (IEEE)
%   Licensed under the Creative Commons Attribution 4.0
%   International license, http://creativecommons.org/licenses/by/4.0/
%
%   Contact M.E. Brennan (me.brennan@ieee.org) for inquries on further reuse of
%   this dataset.
%
function mpc = pglib_opf_case30_as
mpc.version = '2';
mpc.baseMVA = 100.0;

%% area data
%	area	refbus
mpc.areas = [
	1	 1;
];

%% bus data
%	bus_i	type	Pd	Qd	Gs	Bs	area	Vm	Va	baseKV	zone	Vmax	Vmin
mpc.bus = [
	1	 3	 0.0	 0.0	 0.0	 0.0	 1	    1.00000	    0.00000	 135.0	 1	    1.05000	    0.95000;
	2	 2	 21.7	 12.7	 0.0	 0.0	 1	    1.02500	    0.00000	 135.0	 1	    1.10000	    0.95000;
	3	 1	 2.4	 1.2	 0.0	 0.0	 1	    1.00000	    0.00000	 135.0	 1	    1.05000	    0.95000;
	4	 1	 7.6	 1.6	 0.0	 0.0	 1	    1.00000	    0.00000	 135.0	 1	    1.05000	    0.95000;
	5	 1	 94.2	 19.0	 0.0	 0.0	 1	    1.00000	    0.00000	 135.0	 1	    1.05000	    0.95000;
	6	 1	 0.0	 0.0	 0.0	 0.0	 1	    1.00000	    0.00000	 135.0	 1	    1.05000	    0.95000;
	7	 1	 22.8	 10.9	 0.0	 0.0	 1	    1.00000	    0.00000	 135.0	 1	    1.05000	    0.95000;
	8	 1	 30.0	 30.0	 0.0	 0.0	 1	    1.00000	    0.00000	 135.0	 1	    1.05000	    0.95000;
	9	 1	 0.0	 0.0	 0.0	 0.0	 1	    1.00000	    0.00000	 135.0	 1	    1.05000	    0.95000;
	10	 1	 5.8	 2.0	 0.0	 5.26	 1	    1.00000	    0.00000	 135.0	 1	    1.05000	    0.95000;
	11	 1	 0.0	 0.0	 0.0	 0.0	 1	    1.00000	    0.00000	 135.0	 1	    1.05000	    0.95000;
	12	 1	 11.2	 7.5	 0.0	 0.0	 1	    1.00000	    0.00000	 135.0	 1	    1.05000	    0.95000;
	13	 2	 0.0	 0.0	 0.0	 0.0	 1	    1.02500	    0.00000	 135.0	 1	    1.10000	    0.95000;
	14	 1	 6.2	 1.6	 0.0	 0.0	 1	    1.00000	    0.00000	 135.0	 1	    1.05000	    0.95000;
	15	 1	 8.2	 2.5	 0.0	 0.0	 1	    1.00000	    0.00000	 135.0	 1	    1.05000	    0.95000;
	16	 1	 3.5	 1.8	 0.0	 0.0	 1	    1.00000	    0.00000	 135.0	 1	    1.05000	    0.95000;
	17	 1	 9.0	 5.8	 0.0	 0.0	 1	    1.00000	    0.00000	 135.0	 1	    1.05000	    0.95000;
	18	 1	 3.2	 0.9	 0.0	 0.0	 1	    1.00000	    0.00000	 135.0	 1	    1.05000	    0.95000;
	19	 1	 9.5	 3.4	 0.0	 0.0	 1	    1.00000	    0.00000	 135.0	 1	    1.05000	    0.95000;
	20	 1	 2.2	 0.7	 0.0	 0.0	 1	    1.00000	    0.00000	 135.0	 1	    1.05000	    0.95000;
	21	 1	 17.5	 11.2	 0.0	 0.0	 1	    1.00000	    0.00000	 135.0	 1	    1.05000	    0.95000;
	22	 2	 0.0	 0.0	 0.0	 0.0	 1	    1.02500	    0.00000	 135.0	 1	    1.10000	    0.95000;
	23	 2	 3.2	 1.6	 0.0	 0.0	 1	    1.02500	    0.00000	 135.0	 1	    1.10000	    0.95000;
	24	 1	 8.7	 6.7	 0.0	 25.0	 1	    1.00000	    0.00000	 135.0	 1	    1.05000	    0.95000;
	25	 1	 0.0	 0.0	 0.0	 0.0	 1	    1.00000	    0.00000	 135.0	 1	    1.05000	    0.95000;
	26	 1	 3.5	 2.3	 0.0	 0.0	 1	    1.00000	    0.00000	 135.0	 1	    1.05000	    0.95000;
	27	 2	 0.0	 0.0	 0.0	 0.0	 1	    1.02500	    0.00000	 135.0	 1	    1.10000	    0.95000;
	28	 1	 0.0	 0.0	 0.0	 0.0	 1	    1.00000	    0.00000	 135.0	 1	    1.05000	    0.95000;
	29	 1	 2.4	 0.9	 0.0	 0.0	 1	    1.00000	    0.00000	 135.0	 1	    1.05000	    0.95000;
	30	 1	 10.6	 1.9	 0.0	 0.0	 1	    1.00000	    0.00000	 135.0	 1	    1.05000	    0.95000;
];

%% generator data
%	bus	Pg	Qg	Qmax	Qmin	Vg	mBase	status	Pmax	Pmin
mpc.gen = [
	1	 125.0	 115.0	 250.0	 -20.0	 1.0	 100.0	 1	 200.0	 50.0;
	2	 50.0	 40.0	 100.0	 -20.0	 1.025	 100.0	 1	 80.0	 20.0;
	5	 32.5	 32.5	 80.0	 -15.0	 1.0	 100.0	 1	 50.0	 15.0;
	8	 22.5	 22.5	 60.0	 -15.0	 1.0	 100.0	 1	 35.0	 10.0;
	11	 20.0	 20.0	 50.0	 -10.0	 1.0	 100.0	 1	 30.0	 10.0;
	13	 26.0	 22.5	 60.0	 -15.0	 1.025	 100.0	 1	 40.0	 12.0;
];

%% generator cost data
%	2	startup	shutdown	n	c(n-1)	...	c0
mpc.gencost = [
	2	 0.0	 0.0	 3	   0.003750	   2.000000	   0.000000;
	2	 0.0	 0.0	 3	   0.017500	   1.750000	   0.000000;
	2	 0.0	 0.0	 3	   0.062500	   1.000000	   0.000000;
	2	 0.0	 0.0	 3	   0.008340	   3.250000	   0.000000;
	2	 0.0	 0.0	 3	   0.025000	   3.000000	   0.000000;
	2	 0.0	 0.0	 3	   0.025000	   3.000000	   0.000000;
];

%% branch data
%	fbus	tbus	r	x	b	rateA	rateB	rateC	ratio	angle	status	angmin	angmax
