%%%%%%%%%%%%%%%%%%%%%%%%%%%%%%%%%%%%%%%%%%%%%%%%%%%%%%%%%%%%%%%%%%%%%%%%%%%
%%%%                                                                  %%%%%
%%%%    IEEE PES Power Grid Library - Optimal Power Flow - v17.07     %%%%%
%%%%          (https://github.com/power-grid-lib/pglib-opf)           %%%%%
%%%%               Benchmark Group - Typical Operations               %%%%%
%%%%                         26 - June - 2017                         %%%%%
%%%%                                                                  %%%%%
%%%%%%%%%%%%%%%%%%%%%%%%%%%%%%%%%%%%%%%%%%%%%%%%%%%%%%%%%%%%%%%%%%%%%%%%%%%
%
%   Power flow data for the IEEE RELIABILITY TEST SYSTEM 1979.
%
%   IEEE Reliability Test System Task Force of the Applications of
%   Probability Methods Subcommittee, "IEEE reliability test system,"
%   IEEE Transactions on Power Apparatus and Systems, Vol. 98, No. 6,
%   Nov./Dec. 1979, pp. 2047-2054.
%
%   Cost data is from Web site run by Georgia Tech Power Systems Control
%   and Automation Laboratory:
%       http://pscal.ece.gatech.edu/testsys/index.html
%
%   Matpower case file data provided by Bruce Wollenberg.
%
%   Copyright (c) 1979 The Institute of Electrical and Electronics Engineers (IEEE)
%   Licensed under the Creative Commons Attribution 4.0
%   International license, http://creativecommons.org/licenses/by/4.0/
%
%   Contact M.E. Brennan (me.brennan@ieee.org) for inquries on further reuse of
%   this dataset.
%
function mpc = pglib_opf_case24_ieee_rts
mpc.version = '2';
mpc.baseMVA = 100.0;

%% area data
%	area	refbus
mpc.areas = [
	1	 1;
	2	 3;
	3	 8;
	4	 6;
];

%% bus data
%	bus_i	type	Pd	Qd	Gs	Bs	area	Vm	Va	baseKV	zone	Vmax	Vmin
mpc.bus = [
	1	 2	 108.0	 22.0	 0.0	 0.0	 1	    1.04723	   -6.75543	 138.0	 1	    1.05000	    0.95000;
	2	 2	 97.0	 20.0	 0.0	 0.0	 1	    1.04721	   -6.83108	 138.0	 1	    1.05000	    0.95000;
	3	 1	 180.0	 37.0	 0.0	 0.0	 1	    1.01378	   -6.18747	 138.0	 1	    1.05000	    0.95000;
	4	 1	 74.0	 15.0	 0.0	 0.0	 1	    1.01625	   -9.57433	 138.0	 1	    1.05000	    0.95000;
	5	 1	 71.0	 14.0	 0.0	 0.0	 1	    1.03543	   -9.73755	 138.0	 1	    1.05000	    0.95000;
	6	 1	 136.0	 28.0	 0.0	 -100.0	 2	    1.03241	  -12.31055	 138.0	 1	    1.05000	    0.95000;
	7	 2	 125.0	 25.0	 0.0	 0.0	 2	    1.03600	   -9.87656	 138.0	 1	    1.05000	    0.95000;
	8	 1	 171.0	 35.0	 0.0	 0.0	 2	    1.00896	  -12.55316	 138.0	 1	    1.05000	    0.95000;
	9	 1	 175.0	 36.0	 0.0	 0.0	 1	    1.02393	   -7.81824	 138.0	 1	    1.05000	    0.95000;
	10	 1	 195.0	 40.0	 0.0	 0.0	 2	    1.05000	   -9.67832	 138.0	 1	    1.05000	    0.95000;
	11	 1	 0.0	 0.0	 0.0	 0.0	 3	    1.02263	   -2.61309	 230.0	 1	    1.05000	    0.95000;
	12	 1	 0.0	 0.0	 0.0	 0.0	 3	    1.01727	   -1.87607	 230.0	 1	    1.05000	    0.95000;
	13	 3	 265.0	 54.0	 0.0	 0.0	 3	    1.03348	    0.00000	 230.0	 1	    1.05000	    0.95000;
	14	 2	 194.0	 39.0	 0.0	 0.0	 3	    1.03987	    1.01244	 230.0	 1	    1.05000	    0.95000;
	15	 2	 317.0	 64.0	 0.0	 0.0	 4	    1.04106	    9.32436	 230.0	 1	    1.05000	    0.95000;
	16	 2	 100.0	 20.0	 0.0	 0.0	 4	    1.04428	    8.54258	 230.0	 1	    1.05000	    0.95000;
	17	 1	 0.0	 0.0	 0.0	 0.0	 4	    1.04756	   12.89163	 230.0	 1	    1.05000	    0.95000;
	18	 2	 333.0	 68.0	 0.0	 0.0	 4	    1.05000	   14.24704	 230.0	 1	    1.05000	    0.95000;
	19	 1	 181.0	 37.0	 0.0	 0.0	 3	    1.03895	    7.49316	 230.0	 1	    1.05000	    0.95000;
	20	 1	 128.0	 26.0	 0.0	 0.0	 3	    1.04397	    8.45230	 230.0	 1	    1.05000	    0.95000;
	21	 2	 0.0	 0.0	 0.0	 0.0	 4	    1.05000	   15.02296	 230.0	 1	    1.05000	    0.95000;
	22	 2	 0.0	 0.0	 0.0	 0.0	 4	    1.05000	   20.69119	 230.0	 1	    1.05000	    0.95000;
	23	 2	 0.0	 0.0	 0.0	 0.0	 3	    1.05000	    9.68377	 230.0	 1	    1.05000	    0.95000;
	24	 1	 0.0	 0.0	 0.0	 0.0	 4	    1.00585	    3.66828	 230.0	 1	    1.05000	    0.95000;
];

%% generator data
%	bus	Pg	Qg	Qmax	Qmin	Vg	mBase	status	Pmax	Pmin	Pc1	Pc2	Qc1min	Qc1max	Qc2min	Qc2max	ramp_agc	ramp_10	ramp_30	ramp_q	apf
mpc.gen = [
	1	 16.0	 4.862	 10.0	 0.0	 1.04723	 100.0	 1	 20.0	 16.0	 0.0	 0.0	 0.0	 0.0	 0.0	 0.0	 0.0	 0.0	 0.0	 0.0	 0.0;
	1	 16.0	 4.862	 10.0	 0.0	 1.04723	 100.0	 1	 20.0	 16.0	 0.0	 0.0	 0.0	 0.0	 0.0	 0.0	 0.0	 0.0	 0.0	 0.0	 0.0;
	1	 76.0	 -1.576	 30.0	 -25.0	 1.04723	 100.0	 1	 76.0	 15.2	 0.0	 0.0	 0.0	 0.0	 0.0	 0.0	 0.0	 0.0	 0.0	 0.0	 0.0;
	1	 76.0	 -1.576	 30.0	 -25.0	 1.04723	 100.0	 1	 76.0	 15.2	 0.0	 0.0	 0.0	 0.0	 0.0	 0.0	 0.0	 0.0	 0.0	 0.0	 0.0;
	2	 16.0	 4.814	 10.0	 0.0	 1.04721	 100.0	 1	 20.0	 16.0	 0.0	 0.0	 0.0	 0.0	 0.0	 0.0	 0.0	 0.0	 0.0	 0.0	 0.0;
	2	 16.0	 4.814	 10.0	 0.0	 1.04721	 100.0	 1	 20.0	 16.0	 0.0	 0.0	 0.0	 0.0	 0.0	 0.0	 0.0	 0.0	 0.0	 0.0	 0.0;
	2	 76.0	 -2.923	 30.0	 -25.0	 1.04721	 100.0	 1	 76.0	 15.2	 0.0	 0.0	 0.0	 0.0	 0.0	 0.0	 0.0	 0.0	 0.0	 0.0	 0.0;
	2	 76.0	 -2.923	 30.0	 -25.0	 1.04721	 100.0	 1	 76.0	 15.2	 0.0	 0.0	 0.0	 0.0	 0.0	 0.0	 0.0	 0.0	 0.0	 0.0	 0.0;
	7	 70.343	 16.438	 60.0	 0.0	 1.036	 100.0	 1	 100.0	 25.0	 0.0	 0.0	 0.0	 0.0	 0.0	 0.0	 0.0	 0.0	 0.0	 0.0	 0.0;
	7	 70.343	 16.438	 60.0	 0.0	 1.036	 100.0	 1	 100.0	 25.0	 0.0	 0.0	 0.0	 0.0	 0.0	 0.0	 0.0	 0.0	 0.0	 0.0	 0.0;
	7	 70.343	 16.438	 60.0	 0.0	 1.036	 100.0	 1	 100.0	 25.0	 0.0	 0.0	 0.0	 0.0	 0.0	 0.0	 0.0	 0.0	 0.0	 0.0	 0.0;
	13	 78.579	 32.592	 80.0	 0.0	 1.03348	 100.0	 1	 197.0	 69.0	 0.0	 0.0	 0.0	 0.0	 0.0	 0.0	 0.0	 0.0	 0.0	 0.0	 0.0;
	13	 78.579	 32.592	 80.0	 0.0	 1.03348	 100.0	 1	 197.0	 69.0	 0.0	 0.0	 0.0	 0.0	 0.0	 0.0	 0.0	 0.0	 0.0	 0.0	 0.0;
	13	 78.579	 32.592	 80.0	 0.0	 1.03348	 100.0	 1	 197.0	 69.0	 0.0	 0.0	 0.0	 0.0	 0.0	 0.0	 0.0	 0.0	 0.0	 0.0	 0.0;
	14	 0.0	 114.908	 200.0	 -50.0	 1.03987	 100.0	 1	 0.0	 0.0	 0.0	 0.0	 0.0	 0.0	 0.0	 0.0	 0.0	 0.0	 0.0	 0.0	 0.0;
	15	 2.4	 6.0	 6.0	 0.0	 1.04106	 100.0	 1	 12.0	 2.4	 0.0	 0.0	 0.0	 0.0	 0.0	 0.0	 0.0	 0.0	 0.0	 0.0	 0.0;
	15	 2.4	 6.0	 6.0	 0.0	 1.04106	 100.0	 1	 12.0	 2.4	 0.0	 0.0	 0.0	 0.0	 0.0	 0.0	 0.0	 0.0	 0.0	 0.0	 0.0;
	15	 2.4	 6.0	 6.0	 0.0	 1.04106	 100.0	 1	 12.0	 2.4	 0.0	 0.0	 0.0	 0.0	 0.0	 0.0	 0.0	 0.0	 0.0	 0.0	 0.0;
	15	 2.4	 6.0	 6.0	 0.0	 1.04106	 100.0	 1	 12.0	 2.4	 0.0	 0.0	 0.0	 0.0	 0.0	 0.0	 0.0	 0.0	 0.0	 0.0	 0.0;
	15	 2.4	 6.0	 6.0	 0.0	 1.04106	 100.0	 1	 12.0	 2.4	 0.0	 0.0	 0.0	 0.0	 0.0	 0.0	 0.0	 0.0	 0.0	 0.0	 0.0;
	15	 155.0	 80.0	 80.0	 -50.0	 1.04106	 100.0	 1	 155.0	 54.3	 0.0	 0.0	 0.0	 0.0	 0.0	 0.0	 0.0	 0.0	 0.0	 0.0	 0.0;
	16	 155.0	 80.0	 80.0	 -50.0	 1.04428	 100.0	 1	 155.0	 54.3	 0.0	 0.0	 0.0	 0.0	 0.0	 0.0	 0.0	 0.0	 0.0	 0.0	 0.0;
	18	 400.0	 72.898	 200.0	 -50.0	 1.05	 100.0	 1	 400.0	 100.0	 0.0	 0.0	 0.0	 0.0	 0.0	 0.0	 0.0	 0.0	 0.0	 0.0	 0.0;
	21	 400.0	 -7.458	 200.0	 -50.0	 1.05	 100.0	 1	 400.0	 100.0	 0.0	 0.0	 0.0	 0.0	 0.0	 0.0	 0.0	 0.0	 0.0	 0.0	 0.0;
	22	 50.0	 -6.413	 16.0	 -10.0	 1.05	 100.0	 1	 50.0	 10.0	 0.0	 0.0	 0.0	 0.0	 0.0	 0.0	 0.0	 0.0	 0.0	 0.0	 0.0;
	22	 50.0	 -6.413	 16.0	 -10.0	 1.05	 100.0	 1	 50.0	 10.0	 0.0	 0.0	 0.0	 0.0	 0.0	 0.0	 0.0	 0.0	 0.0	 0.0	 0.0;
	22	 50.0	 -6.413	 16.0	 -10.0	 1.05	 100.0	 1	 50.0	 10.0	 0.0	 0.0	 0.0	 0.0	 0.0	 0.0	 0.0	 0.0	 0.0	 0.0	 0.0;
	22	 50.0	 -6.413	 16.0	 -10.0	 1.05	 100.0	 1	 50.0	 10.0	 0.0	 0.0	 0.0	 0.0	 0.0	 0.0	 0.0	 0.0	 0.0	 0.0	 0.0;
	22	 50.0	 -6.413	 16.0	 -10.0	 1.05	 100.0	 1	 50.0	 10.0	 0.0	 0.0	 0.0	 0.0	 0.0	 0.0	 0.0	 0.0	 0.0	 0.0	 0.0;
	22	 50.0	 -6.413	 16.0	 -10.0	 1.05	 100.0	 1	 50.0	 10.0	 0.0	 0.0	 0.0	 0.0	 0.0	 0.0	 0.0	 0.0	 0.0	 0.0	 0.0;
	23	 155.0	 2.548	 80.0	 -50.0	 1.05	 100.0	 1	 155.0	 54.3	 0.0	 0.0	 0.0	 0.0	 0.0	 0.0	 0.0	 0.0	 0.0	 0.0	 0.0;
	23	 155.0	 2.548	 80.0	 -50.0	 1.05	 100.0	 1	 155.0	 54.3	 0.0	 0.0	 0.0	 0.0	 0.0	 0.0	 0.0	 0.0	 0.0	 0.0	 0.0;
	23	 350.0	 40.548	 150.0	 -25.0	 1.05	 100.0	 1	 350.0	 140.0	 0.0	 0.0	 0.0	 0.0	 0.0	 0.0	 0.0	 0.0	 0.0	 0.0	 0.0;
];

%% generator cost data
%	2	startup	shutdown	n	c(n-1)	...	c0
