%%%%%%%%%%%%%%%%%%%%%%%%%%%%%%%%%%%%%%%%%%%%%%%%%%%%%%%%%%%%%%%%%%%%%%%%%%%
%%%%                                                                  %%%%%
%%%%    IEEE PES Power Grid Library - Optimal Power Flow - v17.07     %%%%%
%%%%          (https://github.com/power-grid-lib/pglib-opf)           %%%%%
%%%%               Benchmark Group - Typical Operations               %%%%%
%%%%                         26 - June - 2017                         %%%%%
%%%%                                                                  %%%%%
%%%%%%%%%%%%%%%%%%%%%%%%%%%%%%%%%%%%%%%%%%%%%%%%%%%%%%%%%%%%%%%%%%%%%%%%%%%
%
%   Power flow data for 30 bus, 6 generator case.
%
%   Based on data from:
%     Alsac, O. & Stott, B., "Optimal Load Flow with Steady State Security",
%     IEEE Transactions on Power Apparatus and Systems, Vol. PAS 93, No. 3,
%     1974, pp. 745-751.
%   
%   The generation MVA limit is used for Q upper bounds
%   Shunts assumed to be in real value (not p.u. as specified in the paper)
%   
%   Additional modifications based on:
%     Ferrero, R.W., Shahidehpour, S.M., Ramesh, V.C., "Transaction analysis
%     in deregulated power systems using game theory", IEEE Transactions on
%     Power Systems, Vol. 12, No. 3, Aug 1997, pp. 1340-1347.
%
%   Generators moved to match Figure 3
%   Removed load at bus 5 (Figure 3)
%   Costs and Generator bounds updated to Table 1
%
%   Copyright (c) 1997 by The Institute of Electrical and Electronics Engineers (IEEE)
%   Licensed under the Creative Commons Attribution 4.0
%   International license, http://creativecommons.org/licenses/by/4.0/
%
%   Contact M.E. Brennan (me.brennan@ieee.org) for inquries on further reuse of
%   this dataset.
%
function mpc = pglib_opf_case30_fsr
mpc.version = '2';
mpc.baseMVA = 100.0;

%% area data
%	area	refbus
mpc.areas = [
	1	 8;
	2	 23;
	3	 26;
];

%% bus data
%	bus_i	type	Pd	Qd	Gs	Bs	area	Vm	Va	baseKV	zone	Vmax	Vmin
mpc.bus = [
	1	 3	 0.0	 0.0	 0.0	 0.0	 1	    1.00335	    0.00000	 135.0	 1	    1.05000	    0.95000;
	2	 2	 21.7	 12.7	 0.0	 0.0	 1	    0.99966	   -0.70884	 135.0	 1	    1.10000	    0.95000;
	3	 1	 2.4	 1.2	 0.0	 0.0	 1	    0.99603	   -2.24263	 135.0	 1	    1.05000	    0.95000;
	4	 1	 7.6	 1.6	 0.0	 0.0	 1	    0.99420	   -2.65641	 135.0	 1	    1.05000	    0.95000;
	5	 1	 0.0	 0.0	 0.0	 0.19	 1	    0.99024	   -2.37332	 135.0	 1	    1.05000	    0.95000;
	6	 1	 0.0	 0.0	 0.0	 0.0	 1	    0.98893	   -3.03237	 135.0	 1	    1.05000	    0.95000;
	7	 1	 22.8	 10.9	 0.0	 0.0	 1	    0.98036	   -3.30889	 135.0	 1	    1.05000	    0.95000;
	8	 1	 30.0	 30.0	 0.0	 0.0	 1	    0.97689	   -3.47100	 135.0	 1	    1.05000	    0.95000;
	9	 1	 0.0	 0.0	 0.0	 0.0	 1	    1.00245	   -3.93599	 135.0	 1	    1.05000	    0.95000;
	10	 1	 5.8	 2.0	 0.0	 0.0	 3	    1.00970	   -4.40402	 135.0	 1	    1.05000	    0.95000;
	11	 1	 0.0	 0.0	 0.0	 0.0	 1	    1.00245	   -3.93599	 135.0	 1	    1.05000	    0.95000;
	12	 1	 11.2	 7.5	 0.0	 0.0	 2	    1.02739	   -4.28150	 135.0	 1	    1.05000	    0.95000;
	13	 2	 0.0	 0.0	 0.0	 0.0	 2	    1.07070	   -3.07881	 135.0	 1	    1.10000	    0.95000;
	14	 1	 6.2	 1.6	 0.0	 0.0	 2	    1.01651	   -4.81366	 135.0	 1	    1.05000	    0.95000;
	15	 1	 8.2	 2.5	 0.0	 0.0	 2	    1.01885	   -4.60400	 135.0	 1	    1.05000	    0.95000;
	16	 1	 3.5	 1.8	 0.0	 0.0	 2	    1.01265	   -4.62277	 135.0	 1	    1.05000	    0.95000;
	17	 1	 9.0	 5.8	 0.0	 0.0	 2	    1.00513	   -4.69101	 135.0	 1	    1.05000	    0.95000;
	18	 1	 3.2	 0.9	 0.0	 0.0	 2	    1.00315	   -5.26224	 135.0	 1	    1.05000	    0.95000;
	19	 1	 9.5	 3.4	 0.0	 0.0	 2	    0.99707	   -5.45474	 135.0	 1	    1.05000	    0.95000;
	20	 1	 2.2	 0.7	 0.0	 0.0	 2	    0.99942	   -5.25088	 135.0	 1	    1.05000	    0.95000;
	21	 1	 17.5	 11.2	 0.0	 0.0	 3	    1.01771	   -4.42706	 135.0	 1	    1.05000	    0.95000;
	22	 2	 0.0	 0.0	 0.0	 0.0	 3	    1.02486	   -4.28191	 135.0	 1	    1.10000	    0.95000;
	23	 2	 3.2	 1.6	 0.0	 0.0	 2	    1.03423	   -3.57128	 135.0	 1	    1.10000	    0.95000;
	24	 1	 8.7	 6.7	 0.0	 0.04	 3	    1.02406	   -3.73092	 135.0	 1	    1.05000	    0.95000;
	25	 1	 0.0	 0.0	 0.0	 0.0	 3	    1.04664	   -2.06649	 135.0	 1	    1.05000	    0.95000;
	26	 1	 3.5	 2.3	 0.0	 0.0	 3	    1.02948	   -2.46258	 135.0	 1	    1.05000	    0.95000;
	27	 2	 0.0	 0.0	 0.0	 0.0	 3	    1.06891	   -0.80180	 135.0	 1	    1.10000	    0.95000;
	28	 1	 0.0	 0.0	 0.0	 0.0	 1	    0.99657	   -3.00866	 135.0	 1	    1.05000	    0.95000;
	29	 1	 2.4	 0.9	 0.0	 0.0	 3	    1.05000	   -1.92701	 135.0	 1	    1.05000	    0.95000;
	30	 1	 10.6	 1.9	 0.0	 0.0	 3	    1.03906	   -2.73245	 135.0	 1	    1.05000	    0.95000;
];

%% generator data
%	bus	Pg	Qg	Qmax	Qmin	Vg	mBase	status	Pmax	Pmin	Pc1	Pc2	Qc1min	Qc1max	Qc2min	Qc2max	ramp_agc	ramp_10	ramp_30	ramp_q	apf
mpc.gen = [
	1	 42.329	 -3.651	 250.0	 -20.0	 1.00335	 100.0	 1	 80.0	 0.0	 0.0	 0.0	 0.0	 0.0	 0.0	 0.0	 0.0	 0.0	 0.0	 0.0	 0.0;
	2	 56.274	 7.266	 100.0	 -20.0	 0.99966	 100.0	 1	 80.0	 0.0	 0.0	 0.0	 0.0	 0.0	 0.0	 0.0	 0.0	 0.0	 0.0	 0.0	 0.0;
	22	 22.797	 31.289	 80.0	 -15.0	 1.02486	 100.0	 1	 50.0	 0.0	 0.0	 0.0	 0.0	 0.0	 0.0	 0.0	 0.0	 0.0	 0.0	 0.0	 0.0;
	27	 37.64	 27.196	 60.0	 -15.0	 1.06891	 100.0	 1	 55.0	 0.0	 0.0	 0.0	 0.0	 0.0	 0.0	 0.0	 0.0	 0.0	 0.0	 0.0	 0.0;
	23	 16.336	 6.969	 50.0	 -10.0	 1.03423	 100.0	 1	 30.0	 0.0	 0.0	 0.0	 0.0	 0.0	 0.0	 0.0	 0.0	 0.0	 0.0	 0.0	 0.0;
	13	 16.492	 33.295	 60.0	 -15.0	 1.0707	 100.0	 1	 40.0	 0.0	 0.0	 0.0	 0.0	 0.0	 0.0	 0.0	 0.0	 0.0	 0.0	 0.0	 0.0;
];

%% generator cost data
%	2	startup	shutdown	n	c(n-1)	...	c0
mpc.gencost = [
	2	 0.0	 0.0	 3	   0.020000	   2.000000	   0.000000;
	2	 0.0	 0.0	 3	   0.017500	   1.750000	   0.000000;
	2	 0.0	 0.0	 3	   0.062500	   1.000000	   0.000000;
	2	 0.0	 0.0	 3	   0.008340	   3.250000	   0.000000;
	2	 0.0	 0.0	 3	   0.025000	   3.000000	   0.000000;
	2	 0.0	 0.0	 3	   0.025000	   3.000000	   0.000000;
];

%% branch data
%	fbus	tbus	r	x	b	rateA	rateB	rateC	ratio	angle	status	angmin	angmax
