%%%%%%%%%%%%%%%%%%%%%%%%%%%%%%%%%%%%%%%%%%%%%%%%%%%%%%%%%%%%%%%%%%%%%%%%%%%
%%%%                                                                  %%%%%
%%%%    IEEE PES Power Grid Library - Optimal Power Flow - v23.07     %%%%%
%%%%          (https://github.com/power-grid-lib/pglib-opf)           %%%%%
%%%%               Benchmark Group - Typical Operations               %%%%%
%%%%                         23 - July - 2023                         %%%%%
%%%%                                                                  %%%%%
%%%%%%%%%%%%%%%%%%%%%%%%%%%%%%%%%%%%%%%%%%%%%%%%%%%%%%%%%%%%%%%%%%%%%%%%%%%
%
%   Optimal Power Flow data for the Synthetic National Electricity Market (SNEM)
%   Australia - Tasmania subnetwork.
%
%   This dataset is derived by complementing and extending the S-NEM2300bus
%   benchmark data and software as part the following works:
%      - F. Arraño-Vargas and G. Konstantinou, "Modular Design and Real-Time
%        Simulators Toward Power System Digital Twins Implementation," in IEEE
%        Transactions on Industrial Informatics, doi: 10.1109/TII.2022.3178713
%      - F. Arraño-Vargas and G. Konstantinou, "Synthetic Grid Modeling for
%        Real-Time Simulations," 2021 IEEE PES Innovative Smart Grid
%        Technologies - Asia (ISGT Asia), 2021,
%        doi: 10.1109/ISGTAsia49270.2021.9715654
%
%   A technical report about this dataset is available at:
%   https://arxiv.org/abs/2306.08176
%
%   Copyright (c) 2023 by Rahmat Heidari (rahmat.heidarihaei@csiro.au)
%   Licensed under the Creative Commons Attribution 4.0
%   International license, http://creativecommons.org/licenses/by/4.0/
%
function mpc = pglib_opf_case197_snem
mpc.version = '2';
mpc.baseMVA = 100.0;

%% bus data
%	bus_i	type	Pd	Qd	Gs	Bs	area	Vm	Va	baseKV	zone	Vmax	Vmin
mpc.bus = [
	2112	 1	 -18.456624726	 0.0	 0.0	 10.7958302228	 5	    1.00000	    0.00000	 33.0	 1	    1.10000	    0.90000;
	2114	 2	 0.0	 0.0	 0.0	 0.0	 5	    1.00000	    0.00000	 13.8	 1	    1.10000	    0.90000;
	2115	 2	 0.0	 0.0	 0.0	 0.0	 5	    1.00000	    0.00000	 13.8	 1	    1.10000	    0.90000;
	2116	 2	 0.0	 0.0	 0.0	 0.0	 5	    1.00000	    0.00000	 13.8	 1	    1.10000	    0.90000;
	2117	 2	 0.0	 0.0	 0.0	 0.0	 5	    1.00000	    0.00000	 11.0	 1	    1.10000	    0.90000;
	2118	 2	 1.43784302386	 0.0	 0.0	 0.0	 5	    1.00000	    0.00000	 13.8	 1	    1.10000	    0.90000;
	2119	 2	 0.0	 0.0	 0.0	 0.0	 5	    1.00000	    0.00000	 11.0	 1	    1.10000	    0.90000;
	2120	 1	 0.0	 0.0	 0.0	 0.0	 5	    1.00000	    0.00000	 11.5	 1	    1.10000	    0.90000;
	2121	 1	 0.0	 0.0	 0.0	 0.0	 5	    1.00000	    0.00000	 11.5	 1	    1.10000	    0.90000;
	2122	 1	 0.0	 0.0	 0.0	 0.0	 5	    1.00000	    0.00000	 11.5	 1	    1.10000	    0.90000;
	2123	 2	 0.0	 0.0	 0.0	 0.0	 5	    1.00000	    0.00000	 11.5	 1	    1.10000	    0.90000;
	2124	 2	 5.34111425835	 1.84528285785	 0.0	 0.0	 5	    1.00000	    0.00000	 14.5	 1	    1.10000	    0.90000;
	2125	 2	 0.0	 0.0	 0.0	 0.0	 5	    1.00000	    0.00000	 13.2	 1	    1.10000	    0.90000;
	2126	 2	 0.0	 0.0	 0.0	 0.0	 5	    1.00000	    0.00000	 11.0	 1	    1.10000	    0.90000;
	2127	 2	 0.0	 0.0	 0.0	 0.0	 5	    1.00000	    0.00000	 11.0	 1	    1.10000	    0.90000;
	2128	 2	 0.0	 0.0	 0.0	 0.0	 5	    1.00000	    0.00000	 11.0	 1	    1.10000	    0.90000;
	2129	 2	 0.0	 0.0	 0.0	 0.0	 5	    1.00000	    0.00000	 11.0	 1	    1.10000	    0.90000;
	2130	 2	 0.0	 0.0	 0.0	 0.0	 5	    1.00000	    0.00000	 11.0	 1	    1.10000	    0.90000;
	2131	 2	 0.0	 0.0	 0.0	 0.0	 5	    1.00000	    0.00000	 11.0	 1	    1.10000	    0.90000;
	2132	 2	 0.0	 0.0	 0.0	 0.0	 5	    1.00000	    0.00000	 11.0	 1	    1.10000	    0.90000;
	2133	 2	 0.0	 0.0	 0.0	 0.0	 5	    1.00000	    0.00000	 11.0	 1	    1.10000	    0.90000;
	2134	 2	 0.0	 0.0	 0.0	 0.0	 5	    1.00000	    0.00000	 18.0	 1	    1.10000	    0.90000;
	2135	 2	 0.0	 0.0	 0.0	 0.0	 5	    1.00000	    0.00000	 18.0	 1	    1.10000	    0.90000;
	2136	 3	 0.0	 0.0	 0.0	 0.0	 5	    1.00000	    0.00000	 18.0	 1	    1.10000	    0.90000;
	2137	 1	 0.0	 0.0	 0.0	 0.0	 5	    1.00000	    0.00000	 6.6	 1	    1.10000	    0.90000;
	2138	 2	 0.0	 0.0	 0.0	 0.0	 5	    1.00000	    0.00000	 11.0	 1	    1.10000	    0.90000;
	2139	 2	 0.0	 0.0	 0.0	 0.0	 5	    1.00000	    0.00000	 11.0	 1	    1.10000	    0.90000;
	2140	 2	 0.0	 0.0	 0.0	 0.0	 5	    1.00000	    0.00000	 16.0	 1	    1.10000	    0.90000;
	2141	 1	 0.0	 0.0	 0.0	 0.0	 5	    1.00000	    0.00000	 16.0	 1	    1.10000	    0.90000;
	2142	 2	 0.0	 0.0	 0.0	 0.0	 5	    1.00000	    0.00000	 16.0	 1	    1.10000	    0.90000;
	2143	 2	 0.0	 0.0	 0.0	 0.0	 5	    1.00000	    0.00000	 16.0	 1	    1.10000	    0.90000;
	2144	 2	 0.0	 0.0	 0.0	 0.0	 5	    1.00000	    0.00000	 16.0	 1	    1.10000	    0.90000;
	2145	 1	 0.0	 0.0	 0.0	 0.0	 5	    1.00000	    0.00000	 16.0	 1	    1.10000	    0.90000;
	2146	 1	 -7.48757228344	 0.0	 0.0	 0.0	 5	    1.00000	    0.00000	 0.69	 1	    1.10000	    0.90000;
	2147	 1	 0.0	 0.0	 0.0	 0.0	 5	    1.00000	    0.00000	 22.0	 1	    1.10000	    0.90000;
	2148	 2	 0.0	 0.0	 0.0	 0.0	 5	    1.00000	    0.00000	 1.0	 1	    1.10000	    0.90000;
	2149	 1	 0.0	 0.0	 0.0	 -5.70733361581	 5	    1.00000	    0.00000	 13.8	 1	    1.10000	    0.90000;
	2150	 1	 0.0	 0.0	 0.0	 -6.03779546404	 5	    1.00000	    0.00000	 13.8	 1	    1.10000	    0.90000;
	2152	 1	 0.0	 0.0	 0.0	 0.0	 5	    1.00000	    0.00000	 110.0	 1	    1.10000	    0.90000;
	2153	 1	 0.0	 0.0	 0.0	 0.0	 5	    1.00000	    0.00000	 110.0	 1	    1.10000	    0.90000;
	2155	 1	 0.0	 0.0	 0.0	 0.0	 5	    1.00000	    0.00000	 110.0	 1	    1.10000	    0.90000;
	2156	 1	 0.0	 0.0	 0.0	 0.0	 5	    1.00000	    0.00000	 110.0	 1	    1.10000	    0.90000;
	2157	 1	 0.0	 0.0	 0.0	 0.0	 5	    1.00000	    0.00000	 110.0	 1	    1.10000	    0.90000;
	2158	 1	 0.0	 0.0	 0.0	 0.0	 5	    1.00000	    0.00000	 110.0	 1	    1.10000	    0.90000;
	2160	 1	 0.0	 0.0	 0.0	 0.0	 5	    1.00000	    0.00000	 110.0	 1	    1.10000	    0.90000;
	2161	 1	 0.0	 0.0	 0.0	 0.0	 5	    1.00000	    0.00000	 110.0	 1	    1.10000	    0.90000;
	2162	 1	 0.0	 0.0	 0.0	 0.0	 5	    1.00000	    0.00000	 110.0	 1	    1.10000	    0.90000;
	2163	 1	 0.0	 0.0	 0.0	 0.0	 5	    1.00000	    0.00000	 110.0	 1	    1.10000	    0.90000;
	2164	 1	 0.0	 0.0	 0.0	 30.2475361833	 5	    1.00000	    0.00000	 110.0	 1	    1.10000	    0.90000;
	2165	 1	 0.0	 0.0	 0.0	 0.0	 5	    1.00000	    0.00000	 110.0	 1	    1.10000	    0.90000;
	2166	 1	 0.0	 0.0	 0.0	 29.8942327662	 5	    1.00000	    0.00000	 110.0	 1	    1.10000	    0.90000;
	2167	 1	 0.0	 0.0	 0.0	 0.0	 5	    1.00000	    0.00000	 110.0	 1	    1.10000	    0.90000;
	2168	 1	 0.0	 0.0	 0.0	 0.0	 5	    1.00000	    0.00000	 110.0	 1	    1.10000	    0.90000;
	2169	 1	 0.0	 0.0	 0.0	 0.0	 5	    1.00000	    0.00000	 110.0	 1	    1.10000	    0.90000;
	2170	 1	 0.0	 0.0	 0.0	 0.0	 5	    1.00000	    0.00000	 110.0	 1	    1.10000	    0.90000;
	2171	 1	 0.0	 0.0	 0.0	 0.0	 5	    1.00000	    0.00000	 110.0	 1	    1.10000	    0.90000;
	2172	 1	 0.0	 0.0	 0.0	 0.0	 5	    1.00000	    0.00000	 110.0	 1	    1.10000	    0.90000;
	2173	 1	 0.0	 0.0	 0.0	 27.5769489619	 5	    1.00000	    0.00000	 110.0	 1	    1.10000	    0.90000;
	2174	 1	 0.0	 0.0	 0.0	 0.0	 5	    1.00000	    0.00000	 110.0	 1	    1.10000	    0.90000;
	2175	 1	 109.560738771	 5.56446601437	 0.0	 0.0	 5	    1.00000	    0.00000	 110.0	 1	    1.10000	    0.90000;
	2176	 1	 0.0	 0.0	 0.0	 0.0	 5	    1.00000	    0.00000	 110.0	 1	    1.10000	    0.90000;
	2177	 1	 0.0	 0.0	 0.0	 0.0	 5	    1.00000	    0.00000	 110.0	 1	    1.10000	    0.90000;
	2178	 1	 0.0	 0.0	 0.0	 0.0	 5	    1.00000	    0.00000	 110.0	 1	    1.10000	    0.90000;
	2180	 1	 0.0	 0.0	 0.0	 0.0	 5	    1.00000	    0.00000	 110.0	 1	    1.10000	    0.90000;
	2183	 1	 0.0	 0.0	 0.0	 0.0	 5	    1.00000	    0.00000	 110.0	 1	    1.10000	    0.90000;
	2186	 1	 0.0	 0.0	 0.0	 0.0	 5	    1.00000	    0.00000	 110.0	 1	    1.10000	    0.90000;
	2189	 1	 0.0	 0.0	 0.0	 0.0	 5	    1.00000	    0.00000	 110.0	 1	    1.10000	    0.90000;
