%%%%%%%%%%%%%%%%%%%%%%%%%%%%%%%%%%%%%%%%%%%%%%%%%%%%%%%%%%%%%%%%%%%%%%%%%%%
%%%%                                                                  %%%%%
%%%%    IEEE PES Power Grid Library - Optimal Power Flow - v21.07     %%%%%
%%%%          (https://github.com/power-grid-lib/pglib-opf)           %%%%%
%%%%             Benchmark Group - Active Power Increase              %%%%%
%%%%                         29 - July - 2021                         %%%%%
%%%%                                                                  %%%%%
%%%%%%%%%%%%%%%%%%%%%%%%%%%%%%%%%%%%%%%%%%%%%%%%%%%%%%%%%%%%%%%%%%%%%%%%%%%
function mpc = pglib_opf_case118_ieee__api
mpc.version = '2';
mpc.baseMVA = 100.0;

%% bus data
%	bus_i	type	Pd	Qd	Gs	Bs	area	Vm	Va	baseKV	zone	Vmax	Vmin
mpc.bus = [
	1	 2	 85.44	 27.00	 0.0	 0.0	 1	    1.00000	    0.00000	 138.0	 1	    1.06000	    0.94000;
	2	 1	 33.51	 9.00	 0.0	 0.0	 1	    1.00000	    0.00000	 138.0	 1	    1.06000	    0.94000;
	3	 1	 65.34	 10.00	 0.0	 0.0	 1	    1.00000	    0.00000	 138.0	 1	    1.06000	    0.94000;
	4	 2	 65.34	 12.00	 0.0	 0.0	 1	    1.00000	    0.00000	 138.0	 1	    1.06000	    0.94000;
	5	 1	 0.0	 0.0	 0.0	 -40.0	 1	    1.00000	    0.00000	 138.0	 1	    1.06000	    0.94000;
	6	 2	 87.12	 22.00	 0.0	 0.0	 1	    1.00000	    0.00000	 138.0	 1	    1.06000	    0.94000;
	7	 1	 31.83	 2.00	 0.0	 0.0	 1	    1.00000	    0.00000	 138.0	 1	    1.06000	    0.94000;
	8	 2	 28.00	 0.00	 0.0	 0.0	 1	    1.00000	    0.00000	 345.0	 1	    1.06000	    0.94000;
	9	 1	 0.0	 0.0	 0.0	 0.0	 1	    1.00000	    0.00000	 345.0	 1	    1.06000	    0.94000;
	10	 2	 0.0	 0.0	 0.0	 0.0	 1	    1.00000	    0.00000	 345.0	 1	    1.06000	    0.94000;
	11	 1	 117.28	 23.00	 0.0	 0.0	 1	    1.00000	    0.00000	 138.0	 1	    1.06000	    0.94000;
	12	 2	 78.74	 10.00	 0.0	 0.0	 1	    1.00000	    0.00000	 138.0	 1	    1.06000	    0.94000;
	13	 1	 56.96	 16.00	 0.0	 0.0	 1	    1.00000	    0.00000	 138.0	 1	    1.06000	    0.94000;
	14	 1	 23.46	 1.00	 0.0	 0.0	 1	    1.00000	    0.00000	 138.0	 1	    1.06000	    0.94000;
	15	 2	 150.78	 30.00	 0.0	 0.0	 1	    1.00000	    0.00000	 138.0	 1	    1.06000	    0.94000;
	16	 1	 41.88	 10.00	 0.0	 0.0	 1	    1.00000	    0.00000	 138.0	 1	    1.06000	    0.94000;
	17	 1	 18.43	 3.00	 0.0	 0.0	 1	    1.00000	    0.00000	 138.0	 1	    1.06000	    0.94000;
	18	 2	 100.52	 34.00	 0.0	 0.0	 1	    1.00000	    0.00000	 138.0	 1	    1.06000	    0.94000;
	19	 2	 75.39	 25.00	 0.0	 0.0	 1	    1.00000	    0.00000	 138.0	 1	    1.06000	    0.94000;
	20	 1	 30.16	 3.00	 0.0	 0.0	 1	    1.00000	    0.00000	 138.0	 1	    1.06000	    0.94000;
	21	 1	 23.46	 8.00	 0.0	 0.0	 1	    1.00000	    0.00000	 138.0	 1	    1.06000	    0.94000;
	22	 1	 16.75	 5.00	 0.0	 0.0	 1	    1.00000	    0.00000	 138.0	 1	    1.06000	    0.94000;
	23	 1	 11.73	 3.00	 0.0	 0.0	 1	    1.00000	    0.00000	 138.0	 1	    1.06000	    0.94000;
	24	 2	 13.00	 0.00	 0.0	 0.0	 1	    1.00000	    0.00000	 138.0	 1	    1.06000	    0.94000;
	25	 2	 0.0	 0.0	 0.0	 0.0	 1	    1.00000	    0.00000	 138.0	 1	    1.06000	    0.94000;
	26	 2	 0.0	 0.0	 0.0	 0.0	 1	    1.00000	    0.00000	 345.0	 1	    1.06000	    0.94000;
	27	 2	 118.95	 13.00	 0.0	 0.0	 1	    1.00000	    0.00000	 138.0	 1	    1.06000	    0.94000;
	28	 1	 28.48	 7.00	 0.0	 0.0	 1	    1.00000	    0.00000	 138.0	 1	    1.06000	    0.94000;
	29	 1	 40.21	 4.00	 0.0	 0.0	 1	    1.00000	    0.00000	 138.0	 1	    1.06000	    0.94000;
	30	 1	 0.0	 0.0	 0.0	 0.0	 1	    1.00000	    0.00000	 345.0	 1	    1.06000	    0.94000;
	31	 2	 72.04	 27.00	 0.0	 0.0	 1	    1.00000	    0.00000	 138.0	 1	    1.06000	    0.94000;
	32	 2	 98.85	 23.00	 0.0	 0.0	 1	    1.00000	    0.00000	 138.0	 1	    1.06000	    0.94000;
	33	 1	 38.53	 9.00	 0.0	 0.0	 1	    1.00000	    0.00000	 138.0	 1	    1.06000	    0.94000;
	34	 2	 98.85	 26.00	 0.0	 14.0	 1	    1.00000	    0.00000	 138.0	 1	    1.06000	    0.94000;
	35	 1	 55.29	 9.00	 0.0	 0.0	 1	    1.00000	    0.00000	 138.0	 1	    1.06000	    0.94000;
	36	 2	 51.94	 17.00	 0.0	 0.0	 1	    1.00000	    0.00000	 138.0	 1	    1.06000	    0.94000;
	37	 1	 0.0	 0.0	 0.0	 -25.0	 1	    1.00000	    0.00000	 138.0	 1	    1.06000	    0.94000;
	38	 1	 0.0	 0.0	 0.0	 0.0	 1	    1.00000	    0.00000	 345.0	 1	    1.06000	    0.94000;
	39	 1	 45.23	 11.00	 0.0	 0.0	 1	    1.00000	    0.00000	 138.0	 1	    1.06000	    0.94000;
	40	 2	 110.57	 23.00	 0.0	 0.0	 1	    1.00000	    0.00000	 138.0	 1	    1.06000	    0.94000;
	41	 1	 61.99	 10.00	 0.0	 0.0	 1	    1.00000	    0.00000	 138.0	 1	    1.06000	    0.94000;
	42	 2	 160.83	 23.00	 0.0	 0.0	 1	    1.00000	    0.00000	 138.0	 1	    1.06000	    0.94000;
	43	 1	 30.16	 7.00	 0.0	 0.0	 1	    1.00000	    0.00000	 138.0	 1	    1.06000	    0.94000;
	44	 1	 26.81	 8.00	 0.0	 10.0	 1	    1.00000	    0.00000	 138.0	 1	    1.06000	    0.94000;
	45	 1	 88.79	 22.00	 0.0	 10.0	 1	    1.00000	    0.00000	 138.0	 1	    1.06000	    0.94000;
	46	 2	 46.91	 10.00	 0.0	 10.0	 1	    1.00000	    0.00000	 138.0	 1	    1.06000	    0.94000;
	47	 1	 34.00	 0.00	 0.0	 0.0	 1	    1.00000	    0.00000	 138.0	 1	    1.06000	    0.94000;
	48	 1	 33.51	 11.00	 0.0	 15.0	 1	    1.00000	    0.00000	 138.0	 1	    1.06000	    0.94000;
	49	 2	 145.76	 30.00	 0.0	 0.0	 1	    1.00000	    0.00000	 138.0	 1	    1.06000	    0.94000;
	50	 1	 28.48	 4.00	 0.0	 0.0	 1	    1.00000	    0.00000	 138.0	 1	    1.06000	    0.94000;
	51	 1	 28.48	 8.00	 0.0	 0.0	 1	    1.00000	    0.00000	 138.0	 1	    1.06000	    0.94000;
	52	 1	 30.16	 5.00	 0.0	 0.0	 1	    1.00000	    0.00000	 138.0	 1	    1.06000	    0.94000;
	53	 1	 38.53	 11.00	 0.0	 0.0	 1	    1.00000	    0.00000	 138.0	 1	    1.06000	    0.94000;
	54	 2	 189.32	 32.00	 0.0	 0.0	 1	    1.00000	    0.00000	 138.0	 1	    1.06000	    0.94000;
	55	 2	 105.55	 22.00	 0.0	 0.0	 1	    1.00000	    0.00000	 138.0	 1	    1.06000	    0.94000;
	56	 2	 140.73	 18.00	 0.0	 0.0	 1	    1.00000	    0.00000	 138.0	 1	    1.06000	    0.94000;
	57	 1	 20.10	 3.00	 0.0	 0.0	 1	    1.00000	    0.00000	 138.0	 1	    1.06000	    0.94000;
	58	 1	 20.10	 3.00	 0.0	 0.0	 1	    1.00000	    0.00000	 138.0	 1	    1.06000	    0.94000;
	59	 2	 464.08	 113.00	 0.0	 0.0	 1	    1.00000	    0.00000	 138.0	 1	    1.06000	    0.94000;
	60	 1	 130.68	 3.00	 0.0	 0.0	 1	    1.00000	    0.00000	 138.0	 1	    1.06000	    0.94000;
	61	 2	 0.0	 0.0	 0.0	 0.0	 1	    1.00000	    0.00000	 138.0	 1	    1.06000	    0.94000;
	62	 2	 129.00	 14.00	 0.0	 0.0	 1	    1.00000	    0.00000	 138.0	 1	    1.06000	    0.94000;
	63	 1	 0.0	 0.0	 0.0	 0.0	 1	    1.00000	    0.00000	 345.0	 1	    1.06000	    0.94000;
	64	 1	 0.0	 0.0	 0.0	 0.0	 1	    1.00000	    0.00000	 345.0	 1	    1.06000	    0.94000;
	65	 2	 0.0	 0.0	 0.0	 0.0	 1	    1.00000	    0.00000	 345.0	 1	    1.06000	    0.94000;
	66	 2	 65.34	 18.00	 0.0	 0.0	 1	    1.00000	    0.00000	 138.0	 1	    1.06000	    0.94000;
	67	 1	 46.91	 7.00	 0.0	 0.0	 1	    1.00000	    0.00000	 138.0	 1	    1.06000	    0.94000;
	68	 1	 0.0	 0.0	 0.0	 0.0	 1	    1.00000	    0.00000	 345.0	 1	    1.06000	    0.94000;
	69	 3	 0.0	 0.0	 0.0	 0.0	 1	    1.00000	    0.00000	 138.0	 1	    1.06000	    0.94000;
	70	 2	 110.57	 20.00	 0.0	 0.0	 1	    1.00000	    0.00000	 138.0	 1	    1.06000	    0.94000;
	71	 1	 0.0	 0.0	 0.0	 0.0	 1	    1.00000	    0.00000	 138.0	 1	    1.06000	    0.94000;
	72	 2	 12.00	 0.00	 0.0	 0.0	 1	    1.00000	    0.00000	 138.0	 1	    1.06000	    0.94000;
	73	 2	 6.00	 0.00	 0.0	 0.0	 1	    1.00000	    0.00000	 138.0	 1	    1.06000	    0.94000;
	74	 2	 113.92	 27.00	 0.0	 12.0	 1	    1.00000	    0.00000	 138.0	 1	    1.06000	    0.94000;
	75	 1	 78.74	 11.00	 0.0	 0.0	 1	    1.00000	    0.00000	 138.0	 1	    1.06000	    0.94000;
	76	 2	 113.92	 36.00	 0.0	 0.0	 1	    1.00000	    0.00000	 138.0	 1	    1.06000	    0.94000;
	77	 2	 102.20	 28.00	 0.0	 0.0	 1	    1.00000	    0.00000	 138.0	 1	    1.06000	    0.94000;
	78	 1	 118.95	 26.00	 0.0	 0.0	 1	    1.00000	    0.00000	 138.0	 1	    1.06000	    0.94000;
