%%%%%%%%%%%%%%%%%%%%%%%%%%%%%%%%%%%%%%%%%%%%%%%%%%%%%%%%%%%%%%%%%%%%%%%%%%%
%%%%                                                                  %%%%%
%%%%    IEEE PES Power Grid Library - Optimal Power Flow - v17.07     %%%%%
%%%%          (https://github.com/power-grid-lib/pglib-opf)           %%%%%
%%%%             Benchmark Group - Active Power Increase              %%%%%
%%%%                         27 - June - 2017                         %%%%%
%%%%                                                                  %%%%%
%%%%%%%%%%%%%%%%%%%%%%%%%%%%%%%%%%%%%%%%%%%%%%%%%%%%%%%%%%%%%%%%%%%%%%%%%%%
function mpc = pglib_opf_case57_ieee__api
mpc.version = '2';
mpc.baseMVA = 100.0;

%% bus data
%	bus_i	type	Pd	Qd	Gs	Bs	area	Vm	Va	baseKV	zone	Vmax	Vmin
mpc.bus = [
	1	 3	 63.42	 17.00	 0.0	 0.0	 1	    1.00288	    0.00000	 0.0	 1	    1.06000	    0.94000;
	2	 2	 3.46	 88.00	 0.0	 0.0	 1	    0.99915	    0.37955	 0.0	 1	    1.06000	    0.94000;
	3	 2	 47.28	 21.00	 0.0	 0.0	 1	    1.01327	    1.27153	 0.0	 1	    1.06000	    0.94000;
	4	 1	 0.00	 0.00	 0.0	 0.0	 1	    1.01669	    1.23824	 0.0	 1	    1.06000	    0.94000;
	5	 1	 14.99	 4.00	 0.0	 0.0	 1	    1.02720	    2.09695	 0.0	 1	    1.06000	    0.94000;
	6	 2	 86.49	 2.00	 0.0	 0.0	 1	    1.03812	    2.98960	 0.0	 1	    1.06000	    0.94000;
	7	 1	 0.00	 0.00	 0.0	 0.0	 1	    1.03328	    6.07358	 0.0	 1	    1.06000	    0.94000;
	8	 2	 172.98	 22.00	 0.0	 0.0	 1	    1.05707	   10.94515	 0.0	 1	    1.06000	    0.94000;
	9	 2	 139.53	 26.00	 0.0	 0.0	 1	    1.00419	    4.93674	 0.0	 1	    1.06000	    0.94000;
	10	 1	 5.77	 2.00	 0.0	 0.0	 1	    0.98994	    3.88539	 0.0	 1	    1.06000	    0.94000;
	11	 1	 0.00	 0.00	 0.0	 0.0	 1	    0.98396	    3.14516	 0.0	 1	    1.06000	    0.94000;
	12	 2	 434.75	 24.00	 0.0	 0.0	 1	    1.00262	    6.85709	 0.0	 1	    1.06000	    0.94000;
	13	 1	 20.76	 2.30	 0.0	 0.0	 1	    0.97910	    2.74782	 0.0	 1	    1.06000	    0.94000;
	14	 1	 12.11	 5.30	 0.0	 0.0	 1	    0.97070	    1.15683	 0.0	 1	    1.06000	    0.94000;
	15	 1	 25.37	 5.00	 0.0	 0.0	 1	    0.98905	    0.77965	 0.0	 1	    1.06000	    0.94000;
	16	 1	 49.59	 3.00	 0.0	 0.0	 1	    0.99482	    3.24864	 0.0	 1	    1.06000	    0.94000;
	17	 1	 48.43	 8.00	 0.0	 0.0	 1	    0.99036	    0.72954	 0.0	 1	    1.06000	    0.94000;
	18	 1	 31.37	 9.80	 0.0	 10.0	 1	    1.03426	   -3.34260	 0.0	 1	    1.06000	    0.94000;
	19	 1	 3.81	 0.60	 0.0	 0.0	 1	    0.99355	   -4.08971	 0.0	 1	    1.06000	    0.94000;
	20	 1	 2.65	 1.00	 0.0	 0.0	 1	    0.98168	   -3.73358	 0.0	 1	    1.06000	    0.94000;
	21	 1	 0.00	 0.00	 0.0	 0.0	 1	    1.01154	   -2.61014	 0.0	 1	    1.06000	    0.94000;
	22	 1	 0.00	 0.00	 0.0	 0.0	 1	    1.01161	   -2.39272	 0.0	 1	    1.06000	    0.94000;
	23	 1	 7.27	 2.10	 0.0	 0.0	 1	    1.01080	   -2.41792	 0.0	 1	    1.06000	    0.94000;
	24	 1	 0.00	 0.00	 0.0	 0.0	 1	    1.01344	   -1.95670	 0.0	 1	    1.06000	    0.94000;
	25	 1	 7.27	 3.20	 0.0	 5.9	 1	    0.99431	   -7.64455	 0.0	 1	    1.06000	    0.94000;
	26	 1	 0.00	 0.00	 0.0	 0.0	 1	    0.97311	   -1.40298	 0.0	 1	    1.06000	    0.94000;
	27	 1	 10.72	 0.50	 0.0	 0.0	 1	    1.01489	    1.15042	 0.0	 1	    1.06000	    0.94000;
	28	 1	 5.30	 2.30	 0.0	 0.0	 1	    1.03824	    2.58882	 0.0	 1	    1.06000	    0.94000;
	29	 1	 19.60	 2.60	 0.0	 0.0	 1	    1.05752	    3.53951	 0.0	 1	    1.06000	    0.94000;
	30	 1	 4.15	 1.80	 0.0	 0.0	 1	    0.97167	   -8.36088	 0.0	 1	    1.06000	    0.94000;
	31	 1	 6.69	 2.90	 0.0	 0.0	 1	    0.94000	   -9.31771	 0.0	 1	    1.06000	    0.94000;
	32	 1	 1.85	 0.80	 0.0	 0.0	 1	    0.95096	   -8.48689	 0.0	 1	    1.06000	    0.94000;
	33	 1	 4.38	 1.90	 0.0	 0.0	 1	    0.94843	   -8.53975	 0.0	 1	    1.06000	    0.94000;
	34	 1	 0.00	 0.00	 0.0	 0.0	 1	    0.95853	   -3.76941	 0.0	 1	    1.06000	    0.94000;
	35	 1	 6.92	 3.00	 0.0	 0.0	 1	    0.96576	   -3.49258	 0.0	 1	    1.06000	    0.94000;
	36	 1	 0.00	 0.00	 0.0	 0.0	 1	    0.97600	   -3.16770	 0.0	 1	    1.06000	    0.94000;
	37	 1	 0.00	 0.00	 0.0	 0.0	 1	    0.98518	   -2.97128	 0.0	 1	    1.06000	    0.94000;
	38	 1	 16.14	 7.00	 0.0	 0.0	 1	    1.01322	   -2.28867	 0.0	 1	    1.06000	    0.94000;
	39	 1	 0.00	 0.00	 0.0	 0.0	 1	    0.98317	   -2.99762	 0.0	 1	    1.06000	    0.94000;
	40	 1	 0.00	 0.00	 0.0	 0.0	 1	    0.97328	   -3.15549	 0.0	 1	    1.06000	    0.94000;
	41	 1	 7.27	 3.00	 0.0	 0.0	 1	    1.00550	   -1.83266	 0.0	 1	    1.06000	    0.94000;
	42	 1	 8.19	 4.40	 0.0	 0.0	 1	    0.96913	   -3.84594	 0.0	 1	    1.06000	    0.94000;
	43	 1	 2.31	 1.00	 0.0	 0.0	 1	    1.01940	    1.67660	 0.0	 1	    1.06000	    0.94000;
	44	 1	 13.84	 1.80	 0.0	 0.0	 1	    1.01608	   -2.00173	 0.0	 1	    1.06000	    0.94000;
	45	 1	 0.00	 0.00	 0.0	 0.0	 1	    1.03294	   -0.51669	 0.0	 1	    1.06000	    0.94000;
	46	 1	 0.00	 0.00	 0.0	 0.0	 1	    1.05974	   -0.58522	 0.0	 1	    1.06000	    0.94000;
	47	 1	 34.25	 11.60	 0.0	 0.0	 1	    1.03271	   -1.94815	 0.0	 1	    1.06000	    0.94000;
	48	 1	 0.00	 0.00	 0.0	 0.0	 1	    1.02751	   -1.97296	 0.0	 1	    1.06000	    0.94000;
	49	 1	 20.76	 8.50	 0.0	 0.0	 1	    1.03877	   -1.39713	 0.0	 1	    1.06000	    0.94000;
	50	 1	 24.22	 10.50	 0.0	 0.0	 1	    1.02568	   -0.82657	 0.0	 1	    1.06000	    0.94000;
	51	 1	 20.76	 5.30	 0.0	 0.0	 1	    1.06000	    2.18239	 0.0	 1	    1.06000	    0.94000;
	52	 1	 5.65	 2.20	 0.0	 0.0	 1	    1.02110	    1.90952	 0.0	 1	    1.06000	    0.94000;
	53	 1	 23.06	 10.00	 0.0	 6.3	 1	    1.00850	    1.22707	 0.0	 1	    1.06000	    0.94000;
	54	 1	 4.73	 1.40	 0.0	 0.0	 1	    1.02920	    2.22052	 0.0	 1	    1.06000	    0.94000;
	55	 1	 7.84	 3.40	 0.0	 0.0	 1	    1.06000	    3.58826	 0.0	 1	    1.06000	    0.94000;
	56	 1	 8.76	 2.20	 0.0	 0.0	 1	    0.96681	   -4.74204	 0.0	 1	    1.06000	    0.94000;
	57	 1	 7.73	 2.00	 0.0	 0.0	 1	    0.96099	   -5.56887	 0.0	 1	    1.06000	    0.94000;
];

%% generator data
%	bus	Pg	Qg	Qmax	Qmin	Vg	mBase	status	Pmax	Pmin	Pc1	Pc2	Qc1min	Qc1max	Qc2min	Qc2max	ramp_agc	ramp_10	ramp_30	ramp_q	apf
mpc.gen = [
	1	 0.0	 61.612	 123.0	 -123.0	 1.00288	 100.0	 1	 2	 0.0	 0.0	 0.0	 0.0	 0.0	 0.0	 0.0	 0.0	 0.0	 0.0	 0.0	 0.0; % NG
	2	 0.0	 50.0	 50.0	 -17.0	 0.99915	 100.0	 1	 0	 0.0	 0.0	 0.0	 0.0	 0.0	 0.0	 0.0	 0.0	 0.0	 0.0	 0.0	 0.0; % SYNC
	3	 95.741	 50.125	 332.0	 -332.0	 1.01327	 100.0	 1	 663	 0.0	 0.0	 0.0	 0.0	 0.0	 0.0	 0.0	 0.0	 0.0	 0.0	 0.0	 0.0; % NG
	6	 0.0	 36.782	 116.4	 -116.4	 1.03812	 100.0	 1	 0	 0.0	 0.0	 0.0	 0.0	 0.0	 0.0	 0.0	 0.0	 0.0	 0.0	 0.0	 0.0; % SYNC
	8	 629.0	 106.738	 315.0	 -315.0	 1.05707	 100.0	 1	 629	 0.0	 0.0	 0.0	 0.0	 0.0	 0.0	 0.0	 0.0	 0.0	 0.0	 0.0	 0.0; % COW
	9	 0.0	 2.725	 38.4	 -38.4	 1.00419	 100.0	 1	 0	 0.0	 0.0	 0.0	 0.0	 0.0	 0.0	 0.0	 0.0	 0.0	 0.0	 0.0	 0.0; % SYNC
	12	 745.0	 10.685	 373.0	 -373.0	 1.00262	 100.0	 1	 745	 0.0	 0.0	 0.0	 0.0	 0.0	 0.0	 0.0	 0.0	 0.0	 0.0	 0.0	 0.0; % COW
];

%% generator cost data
%	2	startup	shutdown	n	c(n-1)	...	c0
mpc.gencost = [
	2	 0.0	 0.0	 3	   0.000000	   1.259185	   0.000000; % NG
	2	 0.0	 0.0	 3	   0.000000	   0.000000	   0.000000; % SYNC
	2	 0.0	 0.0	 3	   0.000000	   1.113375	   0.000000; % NG
	2	 0.0	 0.0	 3	   0.000000	   0.000000	   0.000000; % SYNC
	2	 0.0	 0.0	 3	   0.000000	   0.632465	   0.000000; % COW
	2	 0.0	 0.0	 3	   0.000000	   0.000000	   0.000000; % SYNC
	2	 0.0	 0.0	 3	   0.000000	   0.865415	   0.000000; % COW
];

%% branch data
%	fbus	tbus	r	x	b	rateA	rateB	rateC	ratio	angle	status	angmin	angmax
