%%%%%%%%%%%%%%%%%%%%%%%%%%%%%%%%%%%%%%%%%%%%%%%%%%%%%%%%%%%%%%%%%%%%%%%%%%%
%%%%                                                                  %%%%%
%%%%    IEEE PES Power Grid Library - Optimal Power Flow - v17.07     %%%%%
%%%%          (https://github.com/power-grid-lib/pglib-opf)           %%%%%
%%%%             Benchmark Group - Active Power Increase              %%%%%
%%%%                         27 - June - 2017                         %%%%%
%%%%                                                                  %%%%%
%%%%%%%%%%%%%%%%%%%%%%%%%%%%%%%%%%%%%%%%%%%%%%%%%%%%%%%%%%%%%%%%%%%%%%%%%%%
function mpc = pglib_opf_case118_ieee__api
mpc.version = '2';
mpc.baseMVA = 100.0;

%% bus data
%	bus_i	type	Pd	Qd	Gs	Bs	area	Vm	Va	baseKV	zone	Vmax	Vmin
mpc.bus = [
	1	 2	 85.45	 27.00	 0.0	 0.0	 1	    1.06000	   16.16915	 138.0	 1	    1.06000	    0.94000;
	2	 1	 33.51	 9.00	 0.0	 0.0	 1	    1.04296	   18.73983	 138.0	 1	    1.06000	    0.94000;
	3	 1	 65.34	 10.00	 0.0	 0.0	 1	    1.04938	   17.43146	 138.0	 1	    1.06000	    0.94000;
	4	 2	 65.34	 12.00	 0.0	 0.0	 1	    1.06000	   20.97199	 138.0	 1	    1.06000	    0.94000;
	5	 1	 0.00	 0.00	 0.0	 -40.0	 1	    1.05119	   21.53242	 138.0	 1	    1.06000	    0.94000;
	6	 2	 87.12	 22.00	 0.0	 0.0	 1	    1.06000	   19.70678	 138.0	 1	    1.06000	    0.94000;
	7	 1	 31.83	 2.00	 0.0	 0.0	 1	    1.05265	   20.11221	 138.0	 1	    1.06000	    0.94000;
	8	 2	 28.00	 0.00	 0.0	 0.0	 1	    1.00637	   25.61733	 345.0	 1	    1.06000	    0.94000;
	9	 1	 0.00	 0.00	 0.0	 0.0	 1	    1.01712	   37.54059	 345.0	 1	    1.06000	    0.94000;
	10	 2	 0.00	 0.00	 0.0	 0.0	 1	    1.03644	   49.94528	 345.0	 1	    1.06000	    0.94000;
	11	 1	 117.28	 23.00	 0.0	 0.0	 1	    1.03387	   19.83833	 138.0	 1	    1.06000	    0.94000;
	12	 2	 78.75	 10.00	 0.0	 0.0	 1	    1.04422	   21.36896	 138.0	 1	    1.06000	    0.94000;
	13	 1	 56.96	 16.00	 0.0	 0.0	 1	    0.99329	   15.16624	 138.0	 1	    1.06000	    0.94000;
	14	 1	 23.46	 1.00	 0.0	 0.0	 1	    1.01083	   16.88336	 138.0	 1	    1.06000	    0.94000;
	15	 2	 150.79	 30.00	 0.0	 0.0	 1	    0.95318	    6.08933	 138.0	 1	    1.06000	    0.94000;
	16	 1	 41.89	 10.00	 0.0	 0.0	 1	    1.00761	   16.70493	 138.0	 1	    1.06000	    0.94000;
	17	 1	 18.43	 3.00	 0.0	 0.0	 1	    0.97341	   10.12842	 138.0	 1	    1.06000	    0.94000;
	18	 2	 100.53	 34.00	 0.0	 0.0	 1	    0.98364	    4.98698	 138.0	 1	    1.06000	    0.94000;
	19	 2	 75.39	 25.00	 0.0	 0.0	 1	    0.98035	    3.38684	 138.0	 1	    1.06000	    0.94000;
	20	 1	 30.16	 3.00	 0.0	 0.0	 1	    0.97447	    1.60166	 138.0	 1	    1.06000	    0.94000;
	21	 1	 23.46	 8.00	 0.0	 0.0	 1	    0.97671	    1.83690	 138.0	 1	    1.06000	    0.94000;
	22	 1	 16.75	 5.00	 0.0	 0.0	 1	    0.99041	    3.37765	 138.0	 1	    1.06000	    0.94000;
	23	 1	 11.73	 3.00	 0.0	 0.0	 1	    1.02447	    7.25733	 138.0	 1	    1.06000	    0.94000;
	24	 2	 13.00	 0.00	 0.0	 0.0	 1	    1.03601	    3.21504	 138.0	 1	    1.06000	    0.94000;
	25	 2	 0.00	 0.00	 0.0	 0.0	 1	    1.04308	   15.25171	 138.0	 1	    1.06000	    0.94000;
	26	 2	 0.00	 0.00	 0.0	 0.0	 1	    0.94000	   21.13981	 345.0	 1	    1.06000	    0.94000;
	27	 2	 118.96	 13.00	 0.0	 0.0	 1	    1.06000	    7.40934	 138.0	 1	    1.06000	    0.94000;
	28	 1	 28.48	 7.00	 0.0	 0.0	 1	    1.02625	   10.20910	 138.0	 1	    1.06000	    0.94000;
	29	 1	 40.21	 4.00	 0.0	 0.0	 1	    1.00600	   14.96950	 138.0	 1	    1.06000	    0.94000;
	30	 1	 0.00	 0.00	 0.0	 0.0	 1	    0.96124	   14.69980	 345.0	 1	    1.06000	    0.94000;
	31	 2	 72.04	 27.00	 0.0	 0.0	 1	    1.00819	   17.46018	 138.0	 1	    1.06000	    0.94000;
	32	 2	 98.85	 23.00	 0.0	 0.0	 1	    0.99443	    8.67701	 138.0	 1	    1.06000	    0.94000;
	33	 1	 38.54	 9.00	 0.0	 0.0	 1	    0.98574	    0.50329	 138.0	 1	    1.06000	    0.94000;
	34	 2	 98.85	 26.00	 0.0	 14.0	 1	    1.06000	   -3.05860	 138.0	 1	    1.06000	    0.94000;
	35	 1	 55.29	 9.00	 0.0	 0.0	 1	    1.05743	   -3.82219	 138.0	 1	    1.06000	    0.94000;
	36	 2	 51.94	 17.00	 0.0	 0.0	 1	    1.06000	   -3.85072	 138.0	 1	    1.06000	    0.94000;
	37	 1	 0.00	 0.00	 0.0	 -25.0	 1	    1.05487	   -2.31553	 138.0	 1	    1.06000	    0.94000;
	38	 1	 0.00	 0.00	 0.0	 0.0	 1	    0.96945	    5.34812	 345.0	 1	    1.06000	    0.94000;
	39	 1	 45.24	 11.00	 0.0	 0.0	 1	    1.04443	   -9.34855	 138.0	 1	    1.06000	    0.94000;
	40	 2	 110.58	 23.00	 0.0	 0.0	 1	    1.05705	  -12.00908	 138.0	 1	    1.06000	    0.94000;
	41	 1	 61.99	 10.00	 0.0	 0.0	 1	    1.03522	  -13.07053	 138.0	 1	    1.06000	    0.94000;
	42	 2	 160.84	 23.00	 0.0	 0.0	 1	    1.00942	  -11.71799	 138.0	 1	    1.06000	    0.94000;
	43	 1	 30.16	 7.00	 0.0	 0.0	 1	    1.03670	   -3.69353	 138.0	 1	    1.06000	    0.94000;
	44	 1	 26.81	 8.00	 0.0	 10.0	 1	    1.02530	   -0.70576	 138.0	 1	    1.06000	    0.94000;
	45	 1	 88.80	 22.00	 0.0	 10.0	 1	    1.02244	    1.81168	 138.0	 1	    1.06000	    0.94000;
	46	 2	 46.91	 10.00	 0.0	 10.0	 1	    1.06000	   10.31232	 138.0	 1	    1.06000	    0.94000;
	47	 1	 34.00	 0.00	 0.0	 0.0	 1	    1.04167	    4.53542	 138.0	 1	    1.06000	    0.94000;
	48	 1	 33.51	 11.00	 0.0	 15.0	 1	    1.05036	    4.43973	 138.0	 1	    1.06000	    0.94000;
	49	 2	 145.76	 30.00	 0.0	 0.0	 1	    1.04982	    3.80503	 138.0	 1	    1.06000	    0.94000;
	50	 1	 28.48	 4.00	 0.0	 0.0	 1	    1.03947	    2.85720	 138.0	 1	    1.06000	    0.94000;
	51	 1	 28.48	 8.00	 0.0	 0.0	 1	    1.02329	    1.74804	 138.0	 1	    1.06000	    0.94000;
	52	 1	 30.16	 5.00	 0.0	 0.0	 1	    1.01781	    1.13283	 138.0	 1	    1.06000	    0.94000;
	53	 1	 38.54	 11.00	 0.0	 0.0	 1	    1.02151	    2.06616	 138.0	 1	    1.06000	    0.94000;
	54	 2	 189.32	 32.00	 0.0	 0.0	 1	    1.04410	    5.16943	 138.0	 1	    1.06000	    0.94000;
	55	 2	 105.55	 22.00	 0.0	 0.0	 1	    1.04019	    4.12266	 138.0	 1	    1.06000	    0.94000;
	56	 2	 140.74	 18.00	 0.0	 0.0	 1	    1.04011	    4.38849	 138.0	 1	    1.06000	    0.94000;
	57	 1	 20.11	 3.00	 0.0	 0.0	 1	    1.03586	    3.14574	 138.0	 1	    1.06000	    0.94000;
	58	 1	 20.11	 3.00	 0.0	 0.0	 1	    1.02698	    2.44252	 138.0	 1	    1.06000	    0.94000;
	59	 2	 464.10	 113.00	 0.0	 0.0	 1	    1.06000	    9.57807	 138.0	 1	    1.06000	    0.94000;
	60	 1	 130.68	 3.00	 0.0	 0.0	 1	    1.04803	    6.38194	 138.0	 1	    1.06000	    0.94000;
	61	 2	 0.00	 0.00	 0.0	 0.0	 1	    1.05072	    7.17408	 138.0	 1	    1.06000	    0.94000;
	62	 2	 129.01	 14.00	 0.0	 0.0	 1	    1.04694	    5.65822	 138.0	 1	    1.06000	    0.94000;
	63	 1	 0.00	 0.00	 0.0	 0.0	 1	    1.01023	    9.47077	 345.0	 1	    1.06000	    0.94000;
	64	 1	 0.00	 0.00	 0.0	 0.0	 1	    1.00381	    9.44067	 345.0	 1	    1.06000	    0.94000;
	65	 2	 0.00	 0.00	 0.0	 0.0	 1	    0.95543	   12.48317	 345.0	 1	    1.06000	    0.94000;
	66	 2	 65.34	 18.00	 0.0	 0.0	 1	    1.06000	    8.53479	 138.0	 1	    1.06000	    0.94000;
	67	 1	 46.91	 7.00	 0.0	 0.0	 1	    1.04596	    5.90568	 138.0	 1	    1.06000	    0.94000;
	68	 1	 0.00	 0.00	 0.0	 0.0	 1	    0.94195	    5.54169	 345.0	 1	    1.06000	    0.94000;
	69	 3	 0.00	 0.00	 0.0	 0.0	 1	    0.98994	   -0.00000	 138.0	 1	    1.06000	    0.94000;
	70	 2	 110.58	 20.00	 0.0	 0.0	 1	    1.06000	   -9.34651	 138.0	 1	    1.06000	    0.94000;
	71	 1	 0.00	 0.00	 0.0	 0.0	 1	    1.06000	   -8.54518	 138.0	 1	    1.06000	    0.94000;
	72	 2	 12.00	 0.00	 0.0	 0.0	 1	    1.06000	   -3.83844	 138.0	 1	    1.06000	    0.94000;
	73	 2	 6.00	 0.00	 0.0	 0.0	 1	    1.05961	   -8.68518	 138.0	 1	    1.06000	    0.94000;
	74	 2	 113.93	 27.00	 0.0	 12.0	 1	    0.94000	  -12.18673	 138.0	 1	    1.06000	    0.94000;
	75	 1	 78.75	 11.00	 0.0	 0.0	 1	    0.95675	  -10.89513	 138.0	 1	    1.06000	    0.94000;
	76	 2	 113.93	 36.00	 0.0	 0.0	 1	    0.94000	  -14.12973	 138.0	 1	    1.06000	    0.94000;
	77	 2	 102.20	 28.00	 0.0	 0.0	 1	    1.00421	   -6.15299	 138.0	 1	    1.06000	    0.94000;
	78	 1	 118.96	 26.00	 0.0	 0.0	 1	    0.99757	   -6.68854	 138.0	 1	    1.06000	    0.94000;
