%%%%%%%%%%%%%%%%%%%%%%%%%%%%%%%%%%%%%%%%%%%%%%%%%%%%%%%%%%%%%%%%%%%%%%%%%%%
%%%%                                                                  %%%%%
%%%%    IEEE PES Power Grid Library - Optimal Power Flow - v17.07     %%%%%
%%%%          (https://github.com/power-grid-lib/pglib-opf)           %%%%%
%%%%             Benchmark Group - Active Power Increase              %%%%%
%%%%                         27 - June - 2017                         %%%%%
%%%%                                                                  %%%%%
%%%%%%%%%%%%%%%%%%%%%%%%%%%%%%%%%%%%%%%%%%%%%%%%%%%%%%%%%%%%%%%%%%%%%%%%%%%
function mpc = pglib_opf_case24_ieee_rts__api
mpc.version = '2';
mpc.baseMVA = 100.0;

%% area data
%	area	refbus
mpc.areas = [
	1	 1;
	2	 3;
	3	 8;
	4	 6;
];

%% bus data
%	bus_i	type	Pd	Qd	Gs	Bs	area	Vm	Va	baseKV	zone	Vmax	Vmin
mpc.bus = [
	1	 2	 207.30	 22.00	 0.0	 0.0	 1	    1.04533	  -15.56575	 138.0	 1	    1.05000	    0.95000;
	2	 2	 186.19	 20.00	 0.0	 0.0	 1	    1.05000	  -14.31115	 138.0	 1	    1.05000	    0.95000;
	3	 1	 345.50	 37.00	 0.0	 0.0	 1	    0.95143	  -20.06408	 138.0	 1	    1.05000	    0.95000;
	4	 1	 142.04	 15.00	 0.0	 0.0	 1	    0.96623	  -22.70700	 138.0	 1	    1.05000	    0.95000;
	5	 1	 136.28	 14.00	 0.0	 0.0	 1	    0.98661	  -22.94428	 138.0	 1	    1.05000	    0.95000;
	6	 1	 261.05	 28.00	 0.0	 -100.0	 2	    0.95000	  -28.98084	 138.0	 1	    1.05000	    0.95000;
	7	 2	 239.93	 25.00	 0.0	 0.0	 2	    1.02558	  -28.33121	 138.0	 1	    1.05000	    0.95000;
	8	 1	 328.23	 35.00	 0.0	 0.0	 2	    0.95000	  -32.85161	 138.0	 1	    1.05000	    0.95000;
	9	 1	 335.91	 36.00	 0.0	 0.0	 1	    0.95960	  -21.29785	 138.0	 1	    1.05000	    0.95000;
	10	 1	 374.29	 40.00	 0.0	 0.0	 2	    0.97648	  -24.17775	 138.0	 1	    1.05000	    0.95000;
	11	 1	 0.00	 0.00	 0.0	 0.0	 3	    0.96509	   -9.84003	 230.0	 1	    1.05000	    0.95000;
	12	 1	 0.00	 0.00	 0.0	 0.0	 3	    0.96966	   -8.66095	 230.0	 1	    1.05000	    0.95000;
	13	 3	 508.66	 54.00	 0.0	 0.0	 3	    1.05000	   -0.00000	 230.0	 1	    1.05000	    0.95000;
	14	 2	 372.37	 39.00	 0.0	 0.0	 3	    0.96755	   -6.91843	 230.0	 1	    1.05000	    0.95000;
	15	 2	 608.47	 64.00	 0.0	 0.0	 4	    1.05000	    6.10832	 230.0	 1	    1.05000	    0.95000;
	16	 2	 191.95	 20.00	 0.0	 0.0	 4	    0.99147	    4.59459	 230.0	 1	    1.05000	    0.95000;
	17	 1	 0.00	 0.00	 0.0	 0.0	 4	    1.00706	    7.60508	 230.0	 1	    1.05000	    0.95000;
	18	 2	 639.18	 68.00	 0.0	 0.0	 4	    1.01249	    7.34320	 230.0	 1	    1.05000	    0.95000;
	19	 1	 347.42	 37.00	 0.0	 0.0	 3	    0.98801	    0.48633	 230.0	 1	    1.05000	    0.95000;
	20	 1	 245.69	 26.00	 0.0	 0.0	 3	    1.00160	    0.94766	 230.0	 1	    1.05000	    0.95000;
	21	 2	 0.00	 0.00	 0.0	 0.0	 4	    1.05000	   11.08688	 230.0	 1	    1.05000	    0.95000;
	22	 2	 0.00	 0.00	 0.0	 0.0	 4	    1.05000	   21.25155	 230.0	 1	    1.05000	    0.95000;
	23	 2	 0.00	 0.00	 0.0	 0.0	 3	    1.01434	    2.67879	 230.0	 1	    1.05000	    0.95000;
	24	 1	 0.00	 0.00	 0.0	 0.0	 4	    0.96902	   -2.88580	 230.0	 1	    1.05000	    0.95000;
];

%% generator data
%	bus	Pg	Qg	Qmax	Qmin	Vg	mBase	status	Pmax	Pmin	Pc1	Pc2	Qc1min	Qc1max	Qc2min	Qc2max	ramp_agc	ramp_10	ramp_30	ramp_q	apf
mpc.gen = [
	1	 79.0	 7.632	 40.0	 -40.0	 1.04533	 100.0	 1	 79	 8.0	 0.0	 0.0	 0.0	 0.0	 0.0	 0.0	 0.0	 0.0	 0.0	 0.0	 0.0; % PEL
	1	 15.459	 45.412	 106.0	 -106.0	 1.04533	 100.0	 1	 211	 8.0	 0.0	 0.0	 0.0	 0.0	 0.0	 0.0	 0.0	 0.0	 0.0	 0.0	 0.0; % PEL
	1	 75.0	 6.912	 38.0	 -38.0	 1.04533	 100.0	 1	 75	 7.6	 0.0	 0.0	 0.0	 0.0	 0.0	 0.0	 0.0	 0.0	 0.0	 0.0	 0.0; % PEL
	1	 78.0	 7.268	 39.0	 -39.0	 1.04533	 100.0	 1	 78	 7.6	 0.0	 0.0	 0.0	 0.0	 0.0	 0.0	 0.0	 0.0	 0.0	 0.0	 0.0; % NG
	2	 8.0	 4.992	 94.0	 -94.0	 1.05	 100.0	 1	 188	 8.0	 0.0	 0.0	 0.0	 0.0	 0.0	 0.0	 0.0	 0.0	 0.0	 0.0	 0.0; % NG
	2	 8.0	 4.679	 91.0	 -91.0	 1.05	 100.0	 1	 182	 8.0	 0.0	 0.0	 0.0	 0.0	 0.0	 0.0	 0.0	 0.0	 0.0	 0.0	 0.0; % PEL
	2	 7.6	 4.376	 88.0	 -88.0	 1.05	 100.0	 1	 176	 7.6	 0.0	 0.0	 0.0	 0.0	 0.0	 0.0	 0.0	 0.0	 0.0	 0.0	 0.0; % NG
	2	 605.536	 60.378	 332.0	 -332.0	 1.05	 100.0	 1	 663	 7.6	 0.0	 0.0	 0.0	 0.0	 0.0	 0.0	 0.0	 0.0	 0.0	 0.0	 0.0; % COW
	7	 12.5	 38.905	 215.0	 -215.0	 1.02558	 100.0	 1	 430	 12.5	 0.0	 0.0	 0.0	 0.0	 0.0	 0.0	 0.0	 0.0	 0.0	 0.0	 0.0; % NG
	7	 12.5	 5.136	 77.0	 -77.0	 1.02558	 100.0	 1	 153	 12.5	 0.0	 0.0	 0.0	 0.0	 0.0	 0.0	 0.0	 0.0	 0.0	 0.0	 0.0; % NG
	7	 363.97	 72.676	 298.0	 -298.0	 1.02558	 100.0	 1	 595	 12.5	 0.0	 0.0	 0.0	 0.0	 0.0	 0.0	 0.0	 0.0	 0.0	 0.0	 0.0; % COW
	13	 34.5	 128.592	 272.0	 -272.0	 1.05	 100.0	 1	 544	 34.5	 0.0	 0.0	 0.0	 0.0	 0.0	 0.0	 0.0	 0.0	 0.0	 0.0	 0.0; % NG
	13	 542.0	 127.82	 271.0	 -271.0	 1.05	 100.0	 1	 542	 34.5	 0.0	 0.0	 0.0	 0.0	 0.0	 0.0	 0.0	 0.0	 0.0	 0.0	 0.0; % NG
	13	 609.0	 154.669	 305.0	 -305.0	 1.05	 100.0	 1	 609	 34.5	 0.0	 0.0	 0.0	 0.0	 0.0	 0.0	 0.0	 0.0	 0.0	 0.0	 0.0; % COW
	14	 0.0	 77.54	 250.8	 -250.8	 0.96755	 100.0	 1	 0	 0.0	 0.0	 0.0	 0.0	 0.0	 0.0	 0.0	 0.0	 0.0	 0.0	 0.0	 0.0; % SYNC
	15	 159.0	 94.8	 94.8	 -94.8	 1.05	 100.0	 1	 159	 1.2	 0.0	 0.0	 0.0	 0.0	 0.0	 0.0	 0.0	 0.0	 0.0	 0.0	 0.0; % NG
	15	 206.0	 103.0	 103.0	 -103.0	 1.05	 100.0	 1	 206	 1.2	 0.0	 0.0	 0.0	 0.0	 0.0	 0.0	 0.0	 0.0	 0.0	 0.0	 0.0; % COW
	15	 179.519	 98.0	 98.0	 -98.0	 1.05	 100.0	 1	 195	 1.2	 0.0	 0.0	 0.0	 0.0	 0.0	 0.0	 0.0	 0.0	 0.0	 0.0	 0.0; % NG
	15	 1.2	 94.8	 94.8	 -94.8	 1.05	 100.0	 1	 162	 1.2	 0.0	 0.0	 0.0	 0.0	 0.0	 0.0	 0.0	 0.0	 0.0	 0.0	 0.0; % NG
	15	 1.2	 94.8	 94.8	 -94.8	 1.05	 100.0	 1	 139	 1.2	 0.0	 0.0	 0.0	 0.0	 0.0	 0.0	 0.0	 0.0	 0.0	 0.0	 0.0; % NG
	15	 206.0	 103.0	 103.0	 -103.0	 1.05	 100.0	 1	 206	 27.15	 0.0	 0.0	 0.0	 0.0	 0.0	 0.0	 0.0	 0.0	 0.0	 0.0	 0.0; % NG
	16	 588.0	 -294.0	 294.0	 -294.0	 0.99147	 100.0	 1	 588	 27.15	 0.0	 0.0	 0.0	 0.0	 0.0	 0.0	 0.0	 0.0	 0.0	 0.0	 0.0; % NG
	18	 50.0	 -101.588	 200.0	 -191.0	 1.01249	 100.0	 1	 382	 50.0	 0.0	 0.0	 0.0	 0.0	 0.0	 0.0	 0.0	 0.0	 0.0	 0.0	 0.0; % NG
	21	 675.0	 252.724	 338.0	 -338.0	 1.05	 100.0	 1	 675	 50.0	 0.0	 0.0	 0.0	 0.0	 0.0	 0.0	 0.0	 0.0	 0.0	 0.0	 0.0; % COW
	22	 222.0	 2.077	 111.0	 -111.0	 1.05	 100.0	 1	 222	 5.0	 0.0	 0.0	 0.0	 0.0	 0.0	 0.0	 0.0	 0.0	 0.0	 0.0	 0.0; % NG
	22	 5.0	 1.427	 92.0	 -92.0	 1.05	 100.0	 1	 184	 5.0	 0.0	 0.0	 0.0	 0.0	 0.0	 0.0	 0.0	 0.0	 0.0	 0.0	 0.0; % NG
	22	 5.0	 0.898	 73.0	 -73.0	 1.05	 100.0	 1	 146	 5.0	 0.0	 0.0	 0.0	 0.0	 0.0	 0.0	 0.0	 0.0	 0.0	 0.0	 0.0; % NG
	22	 233.0	 2.307	 117.0	 -117.0	 1.05	 100.0	 1	 233	 5.0	 0.0	 0.0	 0.0	 0.0	 0.0	 0.0	 0.0	 0.0	 0.0	 0.0	 0.0; % COW
	22	 57.609	 1.966	 108.0	 -108.0	 1.05	 100.0	 1	 216	 5.0	 0.0	 0.0	 0.0	 0.0	 0.0	 0.0	 0.0	 0.0	 0.0	 0.0	 0.0; % NG
	22	 5.0	 0.297	 42.0	 -42.0	 1.05	 100.0	 1	 83	 5.0	 0.0	 0.0	 0.0	 0.0	 0.0	 0.0	 0.0	 0.0	 0.0	 0.0	 0.0; % NG
	23	 190.189	 23.691	 211.0	 -211.0	 1.01434	 100.0	 1	 421	 27.15	 0.0	 0.0	 0.0	 0.0	 0.0	 0.0	 0.0	 0.0	 0.0	 0.0	 0.0; % NG
	23	 292.0	 11.423	 146.0	 -146.0	 1.01434	 100.0	 1	 292	 27.15	 0.0	 0.0	 0.0	 0.0	 0.0	 0.0	 0.0	 0.0	 0.0	 0.0	 0.0; % COW
	23	 70.0	 19.46	 191.0	 -191.0	 1.01434	 100.0	 1	 382	 70.0	 0.0	 0.0	 0.0	 0.0	 0.0	 0.0	 0.0	 0.0	 0.0	 0.0	 0.0; % NG
];

%% generator cost data
%	2	startup	shutdown	n	c(n-1)	...	c0
