%%%%%%%%%%%%%%%%%%%%%%%%%%%%%%%%%%%%%%%%%%%%%%%%%%%%%%%%%%%%%%%%%%%%%%%%%%%
%%%%                                                                  %%%%%
%%%%    IEEE PES Power Grid Library - Optimal Power Flow - v23.07     %%%%%
%%%%          (https://github.com/power-grid-lib/pglib-opf)           %%%%%
%%%%             Benchmark Group - Active Power Increase              %%%%%
%%%%                         23 - July - 2023                         %%%%%
%%%%                                                                  %%%%%
%%%%%%%%%%%%%%%%%%%%%%%%%%%%%%%%%%%%%%%%%%%%%%%%%%%%%%%%%%%%%%%%%%%%%%%%%%%
function mpc = pglib_opf_case200_activ__api
mpc.version = '2';
mpc.baseMVA = 100.0;

%% bus data
%	bus_i	type	Pd	Qd	Gs	Bs	area	Vm	Va	baseKV	zone	Vmax	Vmin
mpc.bus = [
	1	 1	 0.0	 0.0	 0.0	 0.0	 1	    1.00000	    0.00000	 115.0	 2	    1.10000	    0.90000;
	2	 1	 12.30	 2.10	 0.0	 0.0	 1	    1.00000	    0.00000	 115.0	 2	    1.10000	    0.90000;
	3	 1	 0.0	 0.0	 0.0	 0.0	 1	    1.00000	    0.00000	 115.0	 4	    1.10000	    0.90000;
	4	 1	 2.83	 0.48	 0.0	 0.0	 1	    1.00000	    0.00000	 115.0	 4	    1.10000	    0.90000;
	5	 1	 0.0	 0.0	 0.0	 0.0	 1	    1.00000	    0.00000	 115.0	 6	    1.10000	    0.90000;
	6	 1	 13.23	 2.26	 0.0	 0.0	 1	    1.00000	    0.00000	 115.0	 6	    1.10000	    0.90000;
	7	 1	 0.0	 0.0	 0.0	 0.0	 1	    1.00000	    0.00000	 115.0	 2	    1.10000	    0.90000;
	8	 1	 39.52	 6.77	 0.0	 0.0	 1	    1.00000	    0.00000	 115.0	 2	    1.10000	    0.90000;
	9	 1	 0.0	 0.0	 0.0	 0.0	 1	    1.00000	    0.00000	 115.0	 2	    1.10000	    0.90000;
	10	 1	 71.05	 12.16	 0.0	 0.0	 1	    1.00000	    0.00000	 115.0	 2	    1.10000	    0.90000;
	11	 1	 0.0	 0.0	 0.0	 0.0	 1	    1.00000	    0.00000	 115.0	 4	    1.10000	    0.90000;
	12	 1	 0.50	 0.09	 0.0	 0.0	 1	    1.00000	    0.00000	 115.0	 4	    1.10000	    0.90000;
	13	 1	 4.19	 0.72	 0.0	 0.0	 1	    1.00000	    0.00000	 115.0	 4	    1.10000	    0.90000;
	14	 1	 0.0	 0.0	 0.0	 0.0	 1	    1.00000	    0.00000	 230.0	 4	    1.10000	    0.90000;
	15	 1	 0.0	 0.0	 0.0	 30.0	 1	    1.00000	    0.00000	 115.0	 4	    1.10000	    0.90000;
	16	 1	 74.51	 12.76	 0.0	 0.0	 1	    1.00000	    0.00000	 115.0	 4	    1.10000	    0.90000;
	17	 1	 0.0	 0.0	 0.0	 0.0	 1	    1.00000	    0.00000	 115.0	 4	    1.10000	    0.90000;
	18	 1	 1.18	 0.20	 0.0	 0.0	 1	    1.00000	    0.00000	 115.0	 4	    1.10000	    0.90000;
	19	 1	 1.28	 0.22	 0.0	 0.0	 1	    1.00000	    0.00000	 115.0	 4	    1.10000	    0.90000;
	20	 1	 1.88	 0.32	 0.0	 0.0	 1	    1.00000	    0.00000	 115.0	 4	    1.10000	    0.90000;
	21	 1	 7.67	 1.31	 0.0	 0.0	 1	    1.00000	    0.00000	 115.0	 4	    1.10000	    0.90000;
	22	 1	 0.0	 0.0	 0.0	 0.0	 1	    1.00000	    0.00000	 115.0	 4	    1.10000	    0.90000;
	23	 1	 2.35	 0.40	 0.0	 0.0	 1	    1.00000	    0.00000	 115.0	 4	    1.10000	    0.90000;
	24	 1	 4.00	 0.68	 0.0	 0.0	 1	    1.00000	    0.00000	 115.0	 4	    1.10000	    0.90000;
	25	 1	 0.0	 0.0	 0.0	 0.0	 1	    1.00000	    0.00000	 115.0	 6	    1.10000	    0.90000;
	26	 1	 2.25	 0.39	 0.0	 0.0	 1	    1.00000	    0.00000	 115.0	 6	    1.10000	    0.90000;
	27	 1	 0.0	 0.0	 0.0	 0.0	 1	    1.00000	    0.00000	 115.0	 4	    1.10000	    0.90000;
	28	 1	 3.88	 0.67	 0.0	 0.0	 1	    1.00000	    0.00000	 115.0	 4	    1.10000	    0.90000;
	29	 1	 0.0	 0.0	 0.0	 0.0	 1	    1.00000	    0.00000	 115.0	 2	    1.10000	    0.90000;
	30	 1	 98.36	 16.84	 0.0	 0.0	 1	    1.00000	    0.00000	 115.0	 2	    1.10000	    0.90000;
	31	 1	 0.0	 0.0	 0.0	 0.0	 1	    1.00000	    0.00000	 115.0	 7	    1.10000	    0.90000;
	32	 1	 0.85	 0.15	 0.0	 0.0	 1	    1.00000	    0.00000	 115.0	 7	    1.10000	    0.90000;
	33	 1	 10.72	 1.84	 0.0	 0.0	 1	    1.00000	    0.00000	 115.0	 7	    1.10000	    0.90000;
	34	 1	 0.0	 0.0	 0.0	 0.0	 1	    1.00000	    0.00000	 115.0	 4	    1.10000	    0.90000;
	35	 1	 34.56	 5.92	 0.0	 0.0	 1	    1.00000	    0.00000	 115.0	 4	    1.10000	    0.90000;
	36	 1	 0.0	 0.0	 0.0	 0.0	 1	    1.00000	    0.00000	 115.0	 7	    1.10000	    0.90000;
	37	 1	 5.94	 1.02	 0.0	 0.0	 1	    1.00000	    0.00000	 115.0	 7	    1.10000	    0.90000;
	38	 1	 49.62	 8.50	 0.0	 0.0	 1	    1.00000	    0.00000	 115.0	 7	    1.10000	    0.90000;
	39	 1	 12.33	 2.11	 0.0	 0.0	 1	    1.00000	    0.00000	 115.0	 4	    1.10000	    0.90000;
	40	 1	 3.40	 0.58	 0.0	 0.0	 1	    1.00000	    0.00000	 115.0	 4	    1.10000	    0.90000;
	41	 1	 63.82	 10.93	 0.0	 0.0	 1	    1.00000	    0.00000	 115.0	 5	    1.10000	    0.90000;
	42	 1	 17.68	 3.03	 0.0	 0.0	 1	    1.00000	    0.00000	 115.0	 4	    1.10000	    0.90000;
	43	 1	 3.48	 0.59	 0.0	 0.0	 1	    1.00000	    0.00000	 115.0	 2	    1.10000	    0.90000;
	44	 1	 6.91	 1.18	 0.0	 0.0	 1	    1.00000	    0.00000	 115.0	 4	    1.10000	    0.90000;
	45	 1	 0.0	 0.0	 0.0	 0.0	 1	    1.00000	    0.00000	 230.0	 7	    1.10000	    0.90000;
	46	 1	 10.55	 1.81	 0.0	 0.0	 1	    1.00000	    0.00000	 115.0	 7	    1.10000	    0.90000;
	47	 1	 2.56	 0.44	 0.0	 0.0	 1	    1.00000	    0.00000	 115.0	 4	    1.10000	    0.90000;
	48	 1	 3.03	 0.52	 0.0	 0.0	 1	    1.00000	    0.00000	 115.0	 6	    1.10000	    0.90000;
	49	 2	 0.0	 0.0	 0.0	 0.0	 1	    1.00000	    0.00000	 13.8	 6	    1.10000	    0.90000;
	50	 2	 0.0	 0.0	 0.0	 0.0	 1	    1.00000	    0.00000	 13.8	 6	    1.10000	    0.90000;
	51	 2	 0.0	 0.0	 0.0	 0.0	 1	    1.00000	    0.00000	 13.8	 6	    1.10000	    0.90000;
	52	 2	 0.0	 0.0	 0.0	 0.0	 1	    1.00000	    0.00000	 13.8	 6	    1.10000	    0.90000;
	53	 2	 0.0	 0.0	 0.0	 0.0	 1	    1.00000	    0.00000	 13.8	 6	    1.10000	    0.90000;
	54	 1	 4.43	 0.76	 0.0	 0.0	 1	    1.00000	    0.00000	 115.0	 4	    1.10000	    0.90000;
	55	 1	 0.0	 0.0	 0.0	 0.0	 1	    1.00000	    0.00000	 230.0	 7	    1.10000	    0.90000;
	56	 1	 2.18	 0.37	 0.0	 0.0	 1	    1.00000	    0.00000	 115.0	 7	    1.10000	    0.90000;
	57	 1	 4.69	 0.80	 0.0	 0.0	 1	    1.00000	    0.00000	 115.0	 4	    1.10000	    0.90000;
	58	 1	 7.04	 1.21	 0.0	 0.0	 1	    1.00000	    0.00000	 115.0	 7	    1.10000	    0.90000;
	59	 1	 7.87	 1.35	 0.0	 0.0	 1	    1.00000	    0.00000	 115.0	 2	    1.10000	    0.90000;
	60	 1	 6.33	 1.08	 0.0	 0.0	 1	    1.00000	    0.00000	 115.0	 2	    1.10000	    0.90000;
	61	 1	 34.21	 5.86	 0.0	 0.0	 1	    1.00000	    0.00000	 115.0	 7	    1.10000	    0.90000;
	62	 1	 35.64	 6.10	 0.0	 0.0	 1	    1.00000	    0.00000	 115.0	 4	    1.10000	    0.90000;
	63	 1	 13.28	 2.27	 0.0	 0.0	 1	    1.00000	    0.00000	 115.0	 4	    1.10000	    0.90000;
	64	 1	 0.0	 0.0	 0.0	 0.0	 1	    1.00000	    0.00000	 115.0	 6	    1.10000	    0.90000;
	65	 2	 0.0	 0.0	 0.0	 0.0	 1	    1.00000	    0.00000	 13.8	 6	    1.10000	    0.90000;
	66	 1	 0.0	 0.0	 0.0	 0.0	 1	    1.00000	    0.00000	 115.0	 4	    1.10000	    0.90000;
	67	 2	 0.0	 0.0	 0.0	 0.0	 1	    1.00000	    0.00000	 13.8	 4	    1.10000	    0.90000;
	68	 2	 0.0	 0.0	 0.0	 0.0	 1	    1.00000	    0.00000	 13.8	 4	    1.10000	    0.90000;
	69	 2	 0.0	 0.0	 0.0	 0.0	 1	    1.00000	    0.00000	 13.8	 4	    1.10000	    0.90000;
	70	 2	 0.0	 0.0	 0.0	 0.0	 1	    1.00000	    0.00000	 13.8	 4	    1.10000	    0.90000;
	71	 2	 0.0	 0.0	 0.0	 0.0	 1	    1.00000	    0.00000	 13.8	 4	    1.10000	    0.90000;
	72	 2	 0.0	 0.0	 0.0	 0.0	 1	    1.00000	    0.00000	 13.8	 4	    1.10000	    0.90000;
	73	 2	 0.0	 0.0	 0.0	 0.0	 1	    1.00000	    0.00000	 13.8	 4	    1.10000	    0.90000;
	74	 1	 31.23	 5.35	 0.0	 0.0	 1	    1.00000	    0.00000	 115.0	 6	    1.10000	    0.90000;
	75	 1	 5.99	 1.03	 0.0	 0.0	 1	    1.00000	    0.00000	 115.0	 2	    1.10000	    0.90000;
	76	 2	 0.0	 0.0	 0.0	 0.0	 1	    1.00000	    0.00000	 13.8	 2	    1.10000	    0.90000;
	77	 2	 0.0	 0.0	 0.0	 0.0	 1	    1.00000	    0.00000	 13.8	 2	    1.10000	    0.90000;
	78	 2	 0.0	 0.0	 0.0	 0.0	 1	    1.00000	    0.00000	 13.8	 2	    1.10000	    0.90000;
	79	 2	 0.0	 0.0	 0.0	 0.0	 1	    1.00000	    0.00000	 13.8	 2	    1.10000	    0.90000;
	80	 1	 2.46	 0.42	 0.0	 0.0	 1	    1.00000	    0.00000	 115.0	 5	    1.10000	    0.90000;
