%%%%%%%%%%%%%%%%%%%%%%%%%%%%%%%%%%%%%%%%%%%%%%%%%%%%%%%%%%%%%%%%%%%%%%%%%%%
%%%%                                                                  %%%%%
%%%%    IEEE PES Power Grid Library - Optimal Power Flow - v19.05     %%%%%
%%%%          (https://github.com/power-grid-lib/pglib-opf)           %%%%%
%%%%             Benchmark Group - Active Power Increase              %%%%%
%%%%                         10 - May - 2019                          %%%%%
%%%%                                                                  %%%%%
%%%%%%%%%%%%%%%%%%%%%%%%%%%%%%%%%%%%%%%%%%%%%%%%%%%%%%%%%%%%%%%%%%%%%%%%%%%
function mpc = pglib_opf_case30_fsr__api
mpc.version = '2';
mpc.baseMVA = 100.0;

%% area data
%	area	refbus
mpc.areas = [
	1	 8;
	2	 23;
	3	 26;
];

%% bus data
%	bus_i	type	Pd	Qd	Gs	Bs	area	Vm	Va	baseKV	zone	Vmax	Vmin
mpc.bus = [
	1	 3	 0.0	 0.0	 0.0	 0.0	 1	    1.00000	    0.00000	 135.0	 1	    1.05000	    0.95000;
	2	 2	 23.71	 12.70	 0.0	 0.0	 1	    1.02500	    0.00000	 135.0	 1	    1.10000	    0.95000;
	3	 1	 2.62	 1.20	 0.0	 0.0	 1	    1.00000	    0.00000	 135.0	 1	    1.05000	    0.95000;
	4	 1	 8.30	 1.60	 0.0	 0.0	 1	    1.00000	    0.00000	 135.0	 1	    1.05000	    0.95000;
	5	 1	 0.0	 0.0	 0.0	 0.19	 1	    1.00000	    0.00000	 135.0	 1	    1.05000	    0.95000;
	6	 1	 0.0	 0.0	 0.0	 0.0	 1	    1.00000	    0.00000	 135.0	 1	    1.05000	    0.95000;
	7	 1	 24.91	 10.90	 0.0	 0.0	 1	    1.00000	    0.00000	 135.0	 1	    1.05000	    0.95000;
	8	 1	 32.78	 30.00	 0.0	 0.0	 1	    1.00000	    0.00000	 135.0	 1	    1.05000	    0.95000;
	9	 1	 0.0	 0.0	 0.0	 0.0	 1	    1.00000	    0.00000	 135.0	 1	    1.05000	    0.95000;
	10	 1	 6.34	 2.00	 0.0	 0.0	 3	    1.00000	    0.00000	 135.0	 1	    1.05000	    0.95000;
	11	 1	 0.0	 0.0	 0.0	 0.0	 1	    1.00000	    0.00000	 135.0	 1	    1.05000	    0.95000;
	12	 1	 12.24	 7.50	 0.0	 0.0	 2	    1.00000	    0.00000	 135.0	 1	    1.05000	    0.95000;
	13	 2	 0.0	 0.0	 0.0	 0.0	 2	    1.02500	    0.00000	 135.0	 1	    1.10000	    0.95000;
	14	 1	 6.77	 1.60	 0.0	 0.0	 2	    1.00000	    0.00000	 135.0	 1	    1.05000	    0.95000;
	15	 1	 8.96	 2.50	 0.0	 0.0	 2	    1.00000	    0.00000	 135.0	 1	    1.05000	    0.95000;
	16	 1	 3.82	 1.80	 0.0	 0.0	 2	    1.00000	    0.00000	 135.0	 1	    1.05000	    0.95000;
	17	 1	 9.83	 5.80	 0.0	 0.0	 2	    1.00000	    0.00000	 135.0	 1	    1.05000	    0.95000;
	18	 1	 3.50	 0.90	 0.0	 0.0	 2	    1.00000	    0.00000	 135.0	 1	    1.05000	    0.95000;
	19	 1	 10.38	 3.40	 0.0	 0.0	 2	    1.00000	    0.00000	 135.0	 1	    1.05000	    0.95000;
	20	 1	 2.40	 0.70	 0.0	 0.0	 2	    1.00000	    0.00000	 135.0	 1	    1.05000	    0.95000;
	21	 1	 19.12	 11.20	 0.0	 0.0	 3	    1.00000	    0.00000	 135.0	 1	    1.05000	    0.95000;
	22	 2	 0.0	 0.0	 0.0	 0.0	 3	    1.02500	    0.00000	 135.0	 1	    1.10000	    0.95000;
	23	 2	 3.50	 1.60	 0.0	 0.0	 2	    1.02500	    0.00000	 135.0	 1	    1.10000	    0.95000;
	24	 1	 9.51	 6.70	 0.0	 0.04	 3	    1.00000	    0.00000	 135.0	 1	    1.05000	    0.95000;
	25	 1	 0.0	 0.0	 0.0	 0.0	 3	    1.00000	    0.00000	 135.0	 1	    1.05000	    0.95000;
	26	 1	 3.82	 2.30	 0.0	 0.0	 3	    1.00000	    0.00000	 135.0	 1	    1.05000	    0.95000;
	27	 2	 0.0	 0.0	 0.0	 0.0	 3	    1.02500	    0.00000	 135.0	 1	    1.10000	    0.95000;
	28	 1	 0.0	 0.0	 0.0	 0.0	 1	    1.00000	    0.00000	 135.0	 1	    1.05000	    0.95000;
	29	 1	 2.62	 0.90	 0.0	 0.0	 3	    1.00000	    0.00000	 135.0	 1	    1.05000	    0.95000;
	30	 1	 11.58	 1.90	 0.0	 0.0	 3	    1.00000	    0.00000	 135.0	 1	    1.05000	    0.95000;
];

%% generator data
%	bus	Pg	Qg	Qmax	Qmin	Vg	mBase	status	Pmax	Pmin
mpc.gen = [
	1	 133.5	 39.8	 250.0	 -170.4	 1.0	 100.0	 1	 267	 0.0; % NG
	2	 9.0	 0.0	 159.6	 -159.6	 1.025	 100.0	 1	 18	 0.0; % NG
	22	 53.0	 13.5	 80.0	 -53.0	 1.025	 100.0	 1	 106	 0.0; % NG
	27	 109.0	 0.0	 109.0	 -109.0	 1.025	 100.0	 1	 218	 0.0; % NG
	23	 68.5	 0.0	 69.0	 -69.0	 1.025	 100.0	 1	 137	 0.0; % NG
	13	 51.5	 4.0	 60.0	 -52.0	 1.025	 100.0	 1	 103	 0.0; % NG
];

%% generator cost data
%	2	startup	shutdown	n	c(n-1)	...	c0
mpc.gencost = [
	2	 0.0	 0.0	 3	   0.020000	   2.000000	   0.000000; % NG
	2	 0.0	 0.0	 3	   0.017500	   1.750000	   0.000000; % NG
	2	 0.0	 0.0	 3	   0.062500	   1.000000	   0.000000; % NG
	2	 0.0	 0.0	 3	   0.008340	   3.250000	   0.000000; % NG
	2	 0.0	 0.0	 3	   0.025000	   3.000000	   0.000000; % NG
	2	 0.0	 0.0	 3	   0.025000	   3.000000	   0.000000; % NG
];

%% branch data
%	fbus	tbus	r	x	b	rateA	rateB	rateC	ratio	angle	status	angmin	angmax
mpc.branch = [
	1	 2	 0.0192	 0.0575	 0.0264	 130.0	 130.0	 130.0	 0.0	 0.0	 1	 -30.0	 30.0;
	1	 3	 0.0452	 0.1852	 0.0204	 130.0	 130.0	 130.0	 0.0	 0.0	 1	 -30.0	 30.0;
	2	 4	 0.057	 0.1737	 0.0184	 65.0	 65.0	 65.0	 0.0	 0.0	 1	 -30.0	 30.0;
	3	 4	 0.0132	 0.0379	 0.0042	 130.0	 130.0	 130.0	 0.0	 0.0	 1	 -30.0	 30.0;
	2	 5	 0.0472	 0.1983	 0.0209	 130.0	 130.0	 130.0	 0.0	 0.0	 1	 -30.0	 30.0;
	2	 6	 0.0581	 0.1763	 0.0187	 65.0	 65.0	 65.0	 0.0	 0.0	 1	 -30.0	 30.0;
	4	 6	 0.0119	 0.0414	 0.0045	 90.0	 90.0	 90.0	 0.0	 0.0	 1	 -30.0	 30.0;
	5	 7	 0.046	 0.116	 0.0102	 70.0	 70.0	 70.0	 0.0	 0.0	 1	 -30.0	 30.0;
	6	 7	 0.0267	 0.082	 0.0085	 130.0	 130.0	 130.0	 0.0	 0.0	 1	 -30.0	 30.0;
	6	 8	 0.012	 0.042	 0.0045	 32.0	 32.0	 32.0	 0.0	 0.0	 1	 -30.0	 30.0;
	6	 9	 0.0	 0.208	 0.0	 65.0	 65.0	 65.0	 0.0	 0.0	 1	 -30.0	 30.0;
	6	 10	 0.0	 0.556	 0.0	 32.0	 32.0	 32.0	 0.0	 0.0	 1	 -30.0	 30.0;
	9	 11	 0.0	 0.208	 0.0	 65.0	 65.0	 65.0	 0.0	 0.0	 1	 -30.0	 30.0;
	9	 10	 0.0	 0.11	 0.0	 65.0	 65.0	 65.0	 0.0	 0.0	 1	 -30.0	 30.0;
	4	 12	 0.0	 0.256	 0.0	 65.0	 65.0	 65.0	 0.0	 0.0	 1	 -30.0	 30.0;
	12	 13	 0.0	 0.14	 0.0	 65.0	 65.0	 65.0	 0.0	 0.0	 1	 -30.0	 30.0;
	12	 14	 0.1231	 0.2559	 0.0	 32.0	 32.0	 32.0	 0.0	 0.0	 1	 -30.0	 30.0;
	12	 15	 0.0662	 0.1304	 0.0	 32.0	 32.0	 32.0	 0.0	 0.0	 1	 -30.0	 30.0;
	12	 16	 0.0945	 0.1987	 0.0	 32.0	 32.0	 32.0	 0.0	 0.0	 1	 -30.0	 30.0;
	14	 15	 0.221	 0.1997	 0.0	 16.0	 16.0	 16.0	 0.0	 0.0	 1	 -30.0	 30.0;
	16	 17	 0.0824	 0.1932	 0.0	 16.0	 16.0	 16.0	 0.0	 0.0	 1	 -30.0	 30.0;
	15	 18	 0.107	 0.2185	 0.0	 16.0	 16.0	 16.0	 0.0	 0.0	 1	 -30.0	 30.0;
	18	 19	 0.0639	 0.1292	 0.0	 16.0	 16.0	 16.0	 0.0	 0.0	 1	 -30.0	 30.0;
	19	 20	 0.034	 0.068	 0.0	 32.0	 32.0	 32.0	 0.0	 0.0	 1	 -30.0	 30.0;
	10	 20	 0.0936	 0.209	 0.0	 32.0	 32.0	 32.0	 0.0	 0.0	 1	 -30.0	 30.0;
	10	 17	 0.0324	 0.0845	 0.0	 32.0	 32.0	 32.0	 0.0	 0.0	 1	 -30.0	 30.0;
	10	 21	 0.0348	 0.0749	 0.0	 32.0	 32.0	 32.0	 0.0	 0.0	 1	 -30.0	 30.0;
	10	 22	 0.0727	 0.1499	 0.0	 32.0	 32.0	 32.0	 0.0	 0.0	 1	 -30.0	 30.0;
	21	 22	 0.0116	 0.0236	 0.0	 32.0	 32.0	 32.0	 0.0	 0.0	 1	 -30.0	 30.0;
	15	 23	 0.1	 0.202	 0.0	 16.0	 16.0	 16.0	 0.0	 0.0	 1	 -30.0	 30.0;
	22	 24	 0.115	 0.179	 0.0	 16.0	 16.0	 16.0	 0.0	 0.0	 1	 -30.0	 30.0;
	23	 24	 0.132	 0.27	 0.0	 16.0	 16.0	 16.0	 0.0	 0.0	 1	 -30.0	 30.0;
	24	 25	 0.1885	 0.3292	 0.0	 16.0	 16.0	 16.0	 0.0	 0.0	 1	 -30.0	 30.0;
	25	 26	 0.2544	 0.38	 0.0	 16.0	 16.0	 16.0	 0.0	 0.0	 1	 -30.0	 30.0;
	25	 27	 0.1093	 0.2087	 0.0	 16.0	 16.0	 16.0	 0.0	 0.0	 1	 -30.0	 30.0;
	28	 27	 0.0	 0.396	 0.0	 65.0	 65.0	 65.0	 0.0	 0.0	 1	 -30.0	 30.0;
	27	 29	 0.2198	 0.4153	 0.0	 16.0	 16.0	 16.0	 0.0	 0.0	 1	 -30.0	 30.0;
	27	 30	 0.3202	 0.6027	 0.0	 16.0	 16.0	 16.0	 0.0	 0.0	 1	 -30.0	 30.0;
	29	 30	 0.2399	 0.4533	 0.0	 16.0	 16.0	 16.0	 0.0	 0.0	 1	 -30.0	 30.0;
	8	 28	 0.0636	 0.2	 0.0214	 32.0	 32.0	 32.0	 0.0	 0.0	 1	 -30.0	 30.0;
	6	 28	 0.0169	 0.0599	 0.0065	 32.0	 32.0	 32.0	 0.0	 0.0	 1	 -30.0	 30.0;
];
