%%%%%%%%%%%%%%%%%%%%%%%%%%%%%%%%%%%%%%%%%%%%%%%%%%%%%%%%%%%%%%%%%%%%%%%%%%%
%%%%                                                                  %%%%%
%%%%    IEEE PES Power Grid Library - Optimal Power Flow - v23.07     %%%%%
%%%%          (https://github.com/power-grid-lib/pglib-opf)           %%%%%
%%%%             Benchmark Group - Active Power Increase              %%%%%
%%%%                         23 - July - 2023                         %%%%%
%%%%                                                                  %%%%%
%%%%%%%%%%%%%%%%%%%%%%%%%%%%%%%%%%%%%%%%%%%%%%%%%%%%%%%%%%%%%%%%%%%%%%%%%%%
function mpc = pglib_opf_case197_snem__api
mpc.version = '2';
mpc.baseMVA = 100.0;

%% bus data
%	bus_i	type	Pd	Qd	Gs	Bs	area	Vm	Va	baseKV	zone	Vmax	Vmin
mpc.bus = [
	2112	 1	 -18.46	 0.00	 0.0	 10.7958302228	 5	    1.00000	    0.00000	 33.0	 1	    1.10000	    0.90000;
	2114	 2	 0.0	 0.0	 0.0	 0.0	 5	    1.00000	    0.00000	 13.8	 1	    1.10000	    0.90000;
	2115	 2	 0.0	 0.0	 0.0	 0.0	 5	    1.00000	    0.00000	 13.8	 1	    1.10000	    0.90000;
	2116	 2	 0.0	 0.0	 0.0	 0.0	 5	    1.00000	    0.00000	 13.8	 1	    1.10000	    0.90000;
	2117	 2	 0.0	 0.0	 0.0	 0.0	 5	    1.00000	    0.00000	 11.0	 1	    1.10000	    0.90000;
	2118	 2	 1.44	 0.00	 0.0	 0.0	 5	    1.00000	    0.00000	 13.8	 1	    1.10000	    0.90000;
	2119	 2	 0.0	 0.0	 0.0	 0.0	 5	    1.00000	    0.00000	 11.0	 1	    1.10000	    0.90000;
	2120	 1	 0.0	 0.0	 0.0	 0.0	 5	    1.00000	    0.00000	 11.5	 1	    1.10000	    0.90000;
	2121	 1	 0.0	 0.0	 0.0	 0.0	 5	    1.00000	    0.00000	 11.5	 1	    1.10000	    0.90000;
	2122	 1	 0.0	 0.0	 0.0	 0.0	 5	    1.00000	    0.00000	 11.5	 1	    1.10000	    0.90000;
	2123	 2	 0.0	 0.0	 0.0	 0.0	 5	    1.00000	    0.00000	 11.5	 1	    1.10000	    0.90000;
	2124	 2	 9.55	 1.85	 0.0	 0.0	 5	    1.00000	    0.00000	 14.5	 1	    1.10000	    0.90000;
	2125	 2	 0.0	 0.0	 0.0	 0.0	 5	    1.00000	    0.00000	 13.2	 1	    1.10000	    0.90000;
	2126	 2	 0.0	 0.0	 0.0	 0.0	 5	    1.00000	    0.00000	 11.0	 1	    1.10000	    0.90000;
	2127	 2	 0.0	 0.0	 0.0	 0.0	 5	    1.00000	    0.00000	 11.0	 1	    1.10000	    0.90000;
	2128	 2	 0.0	 0.0	 0.0	 0.0	 5	    1.00000	    0.00000	 11.0	 1	    1.10000	    0.90000;
	2129	 2	 0.0	 0.0	 0.0	 0.0	 5	    1.00000	    0.00000	 11.0	 1	    1.10000	    0.90000;
	2130	 2	 0.0	 0.0	 0.0	 0.0	 5	    1.00000	    0.00000	 11.0	 1	    1.10000	    0.90000;
	2131	 2	 0.0	 0.0	 0.0	 0.0	 5	    1.00000	    0.00000	 11.0	 1	    1.10000	    0.90000;
	2132	 2	 0.0	 0.0	 0.0	 0.0	 5	    1.00000	    0.00000	 11.0	 1	    1.10000	    0.90000;
	2133	 2	 0.0	 0.0	 0.0	 0.0	 5	    1.00000	    0.00000	 11.0	 1	    1.10000	    0.90000;
	2134	 2	 0.0	 0.0	 0.0	 0.0	 5	    1.00000	    0.00000	 18.0	 1	    1.10000	    0.90000;
	2135	 2	 0.0	 0.0	 0.0	 0.0	 5	    1.00000	    0.00000	 18.0	 1	    1.10000	    0.90000;
	2136	 3	 0.0	 0.0	 0.0	 0.0	 5	    1.00000	    0.00000	 18.0	 1	    1.10000	    0.90000;
	2137	 1	 0.0	 0.0	 0.0	 0.0	 5	    1.00000	    0.00000	 6.6	 1	    1.10000	    0.90000;
	2138	 2	 0.0	 0.0	 0.0	 0.0	 5	    1.00000	    0.00000	 11.0	 1	    1.10000	    0.90000;
	2139	 2	 0.0	 0.0	 0.0	 0.0	 5	    1.00000	    0.00000	 11.0	 1	    1.10000	    0.90000;
	2140	 2	 0.0	 0.0	 0.0	 0.0	 5	    1.00000	    0.00000	 16.0	 1	    1.10000	    0.90000;
	2141	 1	 0.0	 0.0	 0.0	 0.0	 5	    1.00000	    0.00000	 16.0	 1	    1.10000	    0.90000;
	2142	 2	 0.0	 0.0	 0.0	 0.0	 5	    1.00000	    0.00000	 16.0	 1	    1.10000	    0.90000;
	2143	 2	 0.0	 0.0	 0.0	 0.0	 5	    1.00000	    0.00000	 16.0	 1	    1.10000	    0.90000;
	2144	 2	 0.0	 0.0	 0.0	 0.0	 5	    1.00000	    0.00000	 16.0	 1	    1.10000	    0.90000;
	2145	 1	 0.0	 0.0	 0.0	 0.0	 5	    1.00000	    0.00000	 16.0	 1	    1.10000	    0.90000;
	2146	 1	 -7.49	 0.00	 0.0	 0.0	 5	    1.00000	    0.00000	 0.69	 1	    1.10000	    0.90000;
	2147	 1	 0.0	 0.0	 0.0	 0.0	 5	    1.00000	    0.00000	 22.0	 1	    1.10000	    0.90000;
	2148	 2	 0.0	 0.0	 0.0	 0.0	 5	    1.00000	    0.00000	 1.0	 1	    1.10000	    0.90000;
	2149	 1	 0.0	 0.0	 0.0	 -5.70733361581	 5	    1.00000	    0.00000	 13.8	 1	    1.10000	    0.90000;
	2150	 1	 0.0	 0.0	 0.0	 -6.03779546404	 5	    1.00000	    0.00000	 13.8	 1	    1.10000	    0.90000;
	2152	 1	 0.0	 0.0	 0.0	 0.0	 5	    1.00000	    0.00000	 110.0	 1	    1.10000	    0.90000;
	2153	 1	 0.0	 0.0	 0.0	 0.0	 5	    1.00000	    0.00000	 110.0	 1	    1.10000	    0.90000;
	2155	 1	 0.0	 0.0	 0.0	 0.0	 5	    1.00000	    0.00000	 110.0	 1	    1.10000	    0.90000;
	2156	 1	 0.0	 0.0	 0.0	 0.0	 5	    1.00000	    0.00000	 110.0	 1	    1.10000	    0.90000;
	2157	 1	 0.0	 0.0	 0.0	 0.0	 5	    1.00000	    0.00000	 110.0	 1	    1.10000	    0.90000;
	2158	 1	 0.0	 0.0	 0.0	 0.0	 5	    1.00000	    0.00000	 110.0	 1	    1.10000	    0.90000;
	2160	 1	 0.0	 0.0	 0.0	 0.0	 5	    1.00000	    0.00000	 110.0	 1	    1.10000	    0.90000;
	2161	 1	 0.0	 0.0	 0.0	 0.0	 5	    1.00000	    0.00000	 110.0	 1	    1.10000	    0.90000;
	2162	 1	 0.0	 0.0	 0.0	 0.0	 5	    1.00000	    0.00000	 110.0	 1	    1.10000	    0.90000;
	2163	 1	 0.0	 0.0	 0.0	 0.0	 5	    1.00000	    0.00000	 110.0	 1	    1.10000	    0.90000;
	2164	 1	 0.0	 0.0	 0.0	 30.2475361833	 5	    1.00000	    0.00000	 110.0	 1	    1.10000	    0.90000;
	2165	 1	 0.0	 0.0	 0.0	 0.0	 5	    1.00000	    0.00000	 110.0	 1	    1.10000	    0.90000;
	2166	 1	 0.0	 0.0	 0.0	 29.8942327662	 5	    1.00000	    0.00000	 110.0	 1	    1.10000	    0.90000;
	2167	 1	 0.0	 0.0	 0.0	 0.0	 5	    1.00000	    0.00000	 110.0	 1	    1.10000	    0.90000;
	2168	 1	 0.0	 0.0	 0.0	 0.0	 5	    1.00000	    0.00000	 110.0	 1	    1.10000	    0.90000;
	2169	 1	 0.0	 0.0	 0.0	 0.0	 5	    1.00000	    0.00000	 110.0	 1	    1.10000	    0.90000;
	2170	 1	 0.0	 0.0	 0.0	 0.0	 5	    1.00000	    0.00000	 110.0	 1	    1.10000	    0.90000;
	2171	 1	 0.0	 0.0	 0.0	 0.0	 5	    1.00000	    0.00000	 110.0	 1	    1.10000	    0.90000;
	2172	 1	 0.0	 0.0	 0.0	 0.0	 5	    1.00000	    0.00000	 110.0	 1	    1.10000	    0.90000;
	2173	 1	 0.0	 0.0	 0.0	 27.5769489619	 5	    1.00000	    0.00000	 110.0	 1	    1.10000	    0.90000;
	2174	 1	 0.0	 0.0	 0.0	 0.0	 5	    1.00000	    0.00000	 110.0	 1	    1.10000	    0.90000;
	2175	 1	 195.98	 5.56	 0.0	 0.0	 5	    1.00000	    0.00000	 110.0	 1	    1.10000	    0.90000;
	2176	 1	 0.0	 0.0	 0.0	 0.0	 5	    1.00000	    0.00000	 110.0	 1	    1.10000	    0.90000;
	2177	 1	 0.0	 0.0	 0.0	 0.0	 5	    1.00000	    0.00000	 110.0	 1	    1.10000	    0.90000;
	2178	 1	 0.0	 0.0	 0.0	 0.0	 5	    1.00000	    0.00000	 110.0	 1	    1.10000	    0.90000;
	2180	 1	 0.0	 0.0	 0.0	 0.0	 5	    1.00000	    0.00000	 110.0	 1	    1.10000	    0.90000;
	2183	 1	 0.0	 0.0	 0.0	 0.0	 5	    1.00000	    0.00000	 110.0	 1	    1.10000	    0.90000;
	2186	 1	 0.0	 0.0	 0.0	 0.0	 5	    1.00000	    0.00000	 110.0	 1	    1.10000	    0.90000;
	2189	 1	 0.0	 0.0	 0.0	 0.0	 5	    1.00000	    0.00000	 110.0	 1	    1.10000	    0.90000;
	2190	 1	 0.0	 0.0	 0.0	 0.0	 5	    1.00000	    0.00000	 110.0	 1	    1.10000	    0.90000;
	2192	 1	 0.0	 0.0	 0.0	 0.0	 5	    1.00000	    0.00000	 110.0	 1	    1.10000	    0.90000;
	2193	 1	 0.0	 0.0	 0.0	 0.0	 5	    1.00000	    0.00000	 110.0	 1	    1.10000	    0.90000;
	2194	 1	 0.0	 0.0	 0.0	 0.0	 5	    1.00000	    0.00000	 110.0	 1	    1.10000	    0.90000;
	2195	 1	 0.0	 0.0	 0.0	 39.4429057464	 5	    1.00000	    0.00000	 110.0	 1	    1.10000	    0.90000;
	2198	 1	 0.0	 0.0	 0.0	 0.0	 5	    1.00000	    0.00000	 110.0	 1	    1.10000	    0.90000;
	2199	 1	 7.42	 1.23	 0.0	 0.0	 5	    1.00000	    0.00000	 33.0	 1	    1.10000	    0.90000;
	2200	 1	 0.0	 0.0	 0.0	 0.0	 5	    1.00000	    0.00000	 110.0	 1	    1.10000	    0.90000;
	2201	 1	 0.0	 0.0	 0.0	 0.0	 5	    1.00000	    0.00000	 110.0	 1	    1.10000	    0.90000;
	2202	 1	 0.0	 0.0	 0.0	 0.0	 5	    1.00000	    0.00000	 110.0	 1	    1.10000	    0.90000;
	2203	 1	 0.0	 0.0	 0.0	 0.0	 5	    1.00000	    0.00000	 110.0	 1	    1.10000	    0.90000;
