%%%%%%%%%%%%%%%%%%%%%%%%%%%%%%%%%%%%%%%%%%%%%%%%%%%%%%%%%%%%%%%%%%%%%%%%%%%
%%%%                                                                  %%%%%
%%%%    IEEE PES Power Grid Library - Optimal Power Flow - v23.07     %%%%%
%%%%          (https://github.com/power-grid-lib/pglib-opf)           %%%%%
%%%%             Benchmark Group - Active Power Increase              %%%%%
%%%%                         23 - July - 2023                         %%%%%
%%%%                                                                  %%%%%
%%%%%%%%%%%%%%%%%%%%%%%%%%%%%%%%%%%%%%%%%%%%%%%%%%%%%%%%%%%%%%%%%%%%%%%%%%%
function mpc = pglib_opf_case60_c__api
mpc.version = '2';
mpc.baseMVA = 100.0;

%% bus data
%	bus_i	type	Pd	Qd	Gs	Bs	area	Vm	Va	baseKV	zone	Vmax	Vmin
mpc.bus = [
	1	 1	 312.21	 80.00	 0.0	 -340.12	 1	    1.00000	    0.00000	 130.0	 1	    1.10000	    0.90000;
	2	 1	 468.32	 100.00	 0.0	 0.0	 1	    1.00000	    0.00000	 130.0	 1	    1.10000	    0.90000;
	3	 1	 156.11	 40.00	 0.0	 0.0	 1	    1.00000	    0.00000	 130.0	 1	    1.10000	    0.90000;
	4	 1	 437.10	 95.00	 0.0	 150.0	 1	    1.00000	    0.00000	 130.0	 1	    1.10000	    0.90000;
	5	 1	 627.89	 190.11	 0.0	 200.0	 1	    1.00000	    0.00000	 130.0	 1	    1.10000	    0.90000;
	6	 1	 314.10	 75.06	 0.0	 0.0	 1	    1.00000	    0.00000	 130.0	 1	    1.10000	    0.90000;
	7	 1	 240.73	 96.21	 0.0	 100.0	 1	    1.00000	    0.00000	 130.0	 1	    1.10000	    0.90000;
	8	 1	 837.40	 286.82	 0.0	 200.0	 1	    1.00000	    0.00000	 130.0	 1	    1.10000	    0.90000;
	9	 1	 732.80	 238.47	 0.0	 200.0	 1	    1.00000	    0.00000	 130.0	 1	    1.10000	    0.90000;
	10	 1	 156.11	 30.00	 0.0	 0.0	 1	    1.00000	    0.00000	 220.0	 1	    1.10000	    0.90000;
	11	 1	 312.21	 50.00	 0.0	 0.0	 1	    1.00000	    0.00000	 220.0	 1	    1.10000	    0.90000;
	12	 1	 468.32	 100.00	 0.0	 -400.0	 1	    1.00000	    0.00000	 400.0	 1	    1.10000	    0.90000;
	13	 1	 3122.14	 500.00	 0.0	 0.0	 1	    1.00000	    0.00000	 400.0	 1	    1.10000	    0.90000;
	14	 1	 565.14	 151.10	 0.0	 200.0	 1	    1.00000	    0.00000	 400.0	 1	    1.10000	    0.90000;
	15	 1	 418.70	 143.41	 0.0	 0.0	 1	    1.00000	    0.00000	 400.0	 1	    1.10000	    0.90000;
	16	 1	 942.00	 288.17	 0.0	 200.0	 1	    1.00000	    0.00000	 400.0	 1	    1.10000	    0.90000;
	17	 1	 732.80	 238.47	 0.0	 100.0	 1	    1.00000	    0.00000	 400.0	 1	    1.10000	    0.90000;
	18	 1	 104.60	 48.35	 0.0	 0.0	 1	    1.00000	    0.00000	 400.0	 1	    1.10000	    0.90000;
	19	 1	 837.40	 288.82	 0.0	 100.0	 1	    1.00000	    0.00000	 400.0	 1	    1.10000	    0.90000;
	20	 1	 780.53	 149.00	 0.0	 0.0	 1	    1.00000	    0.00000	 400.0	 1	    1.10000	    0.90000;
	21	 1	 468.32	 100.00	 0.0	 0.0	 1	    1.00000	    0.00000	 400.0	 1	    1.10000	    0.90000;
	22	 1	 921.03	 300.00	 0.0	 0.0	 1	    1.00000	    0.00000	 400.0	 1	    1.10000	    0.90000;
	23	 1	 0.0	 0.0	 0.0	 -100.0	 1	    1.00000	    0.00000	 400.0	 1	    1.10000	    0.90000;
	24	 1	 0.0	 0.0	 0.0	 0.0	 1	    1.00000	    0.00000	 130.0	 1	    1.10000	    0.90000;
	25	 1	 0.0	 0.0	 0.0	 0.0	 1	    1.00000	    0.00000	 130.0	 1	    1.10000	    0.90000;
	26	 1	 0.0	 0.0	 0.0	 0.0	 1	    1.00000	    0.00000	 400.0	 1	    1.10000	    0.90000;
	27	 1	 0.0	 0.0	 0.0	 0.0	 1	    1.00000	    0.00000	 400.0	 1	    1.10000	    0.90000;
	28	 1	 0.0	 0.0	 0.0	 0.0	 1	    1.00000	    0.00000	 400.0	 1	    1.10000	    0.90000;
	29	 1	 0.0	 0.0	 0.0	 0.0	 1	    1.00000	    0.00000	 400.0	 1	    1.10000	    0.90000;
	30	 1	 0.0	 0.0	 0.0	 0.0	 1	    1.00000	    0.00000	 400.0	 1	    1.10000	    0.90000;
	31	 1	 0.0	 0.0	 0.0	 0.0	 1	    1.00000	    0.00000	 400.0	 1	    1.10000	    0.90000;
	32	 1	 0.0	 0.0	 0.0	 0.0	 1	    1.00000	    0.00000	 400.0	 1	    1.10000	    0.90000;
	33	 1	 0.0	 0.0	 0.0	 0.0	 1	    1.00000	    0.00000	 400.0	 1	    1.10000	    0.90000;
	34	 1	 0.0	 0.0	 0.0	 0.0	 1	    1.00000	    0.00000	 400.0	 1	    1.10000	    0.90000;
	35	 1	 0.0	 0.0	 0.0	 0.0	 1	    1.00000	    0.00000	 400.0	 1	    1.10000	    0.90000;
	36	 1	 0.0	 0.0	 0.0	 0.0	 1	    1.00000	    0.00000	 400.0	 1	    1.10000	    0.90000;
	37	 1	 0.0	 0.0	 0.0	 0.0	 1	    1.00000	    0.00000	 400.0	 1	    1.10000	    0.90000;
	38	 2	 0.0	 0.0	 0.0	 0.0	 1	    1.00000	    0.00000	 15.0	 1	    1.10000	    0.90000;
	39	 2	 0.0	 0.0	 0.0	 0.0	 1	    1.00000	    0.00000	 15.0	 1	    1.10000	    0.90000;
	40	 2	 0.0	 0.0	 0.0	 0.0	 1	    1.00000	    0.00000	 15.0	 1	    1.10000	    0.90000;
	41	 2	 0.0	 0.0	 0.0	 0.0	 1	    1.00000	    0.00000	 15.0	 1	    1.10000	    0.90000;
	42	 2	 0.0	 0.0	 0.0	 0.0	 1	    1.00000	    0.00000	 15.0	 1	    1.10000	    0.90000;
	43	 2	 0.0	 0.0	 0.0	 0.0	 1	    1.00000	    0.00000	 15.0	 1	    1.10000	    0.90000;
	44	 2	 0.0	 0.0	 0.0	 0.0	 1	    1.00000	    0.00000	 15.0	 1	    1.10000	    0.90000;
	45	 2	 0.0	 0.0	 0.0	 0.0	 1	    1.00000	    0.00000	 15.0	 1	    1.10000	    0.90000;
	46	 2	 0.0	 0.0	 0.0	 0.0	 1	    1.00000	    0.00000	 15.0	 1	    1.10000	    0.90000;
	47	 2	 0.0	 0.0	 0.0	 0.0	 1	    1.00000	    0.00000	 15.0	 1	    1.10000	    0.90000;
	48	 2	 0.0	 0.0	 0.0	 0.0	 1	    1.00000	    0.00000	 15.0	 1	    1.10000	    0.90000;
	49	 2	 0.0	 0.0	 0.0	 0.0	 1	    1.00000	    0.00000	 15.0	 1	    1.10000	    0.90000;
	50	 2	 0.0	 0.0	 0.0	 0.0	 1	    1.00000	    0.00000	 15.0	 1	    1.10000	    0.90000;
	51	 2	 0.0	 0.0	 0.0	 0.0	 1	    1.00000	    0.00000	 15.0	 1	    1.10000	    0.90000;
	52	 3	 0.0	 0.0	 0.0	 0.0	 1	    1.00000	    0.00000	 15.0	 1	    1.10000	    0.90000;
	53	 2	 0.0	 0.0	 0.0	 0.0	 1	    1.00000	    0.00000	 15.0	 1	    1.10000	    0.90000;
	54	 2	 0.0	 0.0	 0.0	 0.0	 1	    1.00000	    0.00000	 15.0	 1	    1.10000	    0.90000;
	55	 2	 0.0	 0.0	 0.0	 0.0	 1	    1.00000	    0.00000	 15.0	 1	    1.10000	    0.90000;
	56	 2	 0.0	 0.0	 0.0	 0.0	 1	    1.00000	    0.00000	 15.0	 1	    1.10000	    0.90000;
	57	 2	 0.0	 0.0	 0.0	 0.0	 1	    1.00000	    0.00000	 15.0	 1	    1.10000	    0.90000;
	58	 2	 0.0	 0.0	 0.0	 0.0	 1	    1.00000	    0.00000	 15.0	 1	    1.10000	    0.90000;
	59	 2	 0.0	 0.0	 0.0	 0.0	 1	    1.00000	    0.00000	 15.0	 1	    1.10000	    0.90000;
	60	 2	 0.0	 0.0	 0.0	 0.0	 1	    1.00000	    0.00000	 15.0	 1	    1.10000	    0.90000;
];

%% generator data
%	bus	Pg	Qg	Qmax	Qmin	Vg	mBase	status	Pmax	Pmin
mpc.gen = [
	38	 438.5	 0.0	 720.0	 -720.0	 1.0	 800.0	 1	 872	 5.0; % COW
	39	 329.0	 0.0	 540.0	 -540.0	 1.0	 600.0	 1	 653	 5.0; % COW
	40	 174.0	 0.0	 630.0	 -630.0	 1.0	 700.0	 1	 343	 5.0; % COW
	41	 149.5	 0.0	 540.0	 -540.0	 1.0	 600.0	 1	 294	 5.0; % COW
	42	 449.0	 0.0	 447.0	 -447.0	 1.0	 400.0	 1	 893	 5.0; % COW
	43	 206.5	 100.0	 560.0	 -360.0	 1.0	 600.0	 1	 408	 5.0; % NG
	44	 228.0	 40.0	 360.0	 -280.0	 1.0	 400.0	 1	 451	 5.0; % COW
	45	 365.0	 100.0	 965.0	 -765.0	 1.0	 1000.0	 1	 725	 5.0; % NG
	46	 554.5	 0.0	 900.0	 -900.0	 1.0	 1000.0	 1	 1104	 5.0; % COW
	47	 234.5	 0.0	 720.0	 -720.0	 1.0	 800.0	 1	 464	 5.0; % COW
	48	 199.0	 100.0	 570.0	 -370.0	 1.0	 600.0	 1	 393	 5.0; % NG
	49	 310.5	 50.0	 515.0	 -415.0	 1.0	 600.0	 1	 616	 5.0; % NG
	50	 0.0	 0.0	 570.0	 -570.0	 1.0	 600.0	 1	 0	 0.0; % SYNC
	51	 387.0	 0.0	 630.0	 -630.0	 1.0	 700.0	 1	 769	 5.0; % COW
	52	 672.0	 585.0	 1840.0	 -670.0	 1.0	 3000.0	 1	 1339	 5.0; % NUC
	53	 339.0	 20.0	 580.0	 -540.0	 1.0	 600.0	 1	 673	 5.0; % NG
	54	 485.0	 0.0	 630.0	 -630.0	 1.0	 700.0	 1	 965	 5.0; % COW
	55	 647.0	 0.0	 645.0	 -645.0	 1.0	 700.0	 1	 1289	 5.0; % COW
	56	 350.0	 0.0	 540.0	 -540.0	 1.0	 600.0	 1	 695	 5.0; % COW
	57	 335.0	 0.0	 540.0	 -540.0	 1.0	 600.0	 1	 665	 5.0; % NG
	58	 405.0	 0.0	 540.0	 -540.0	 1.0	 600.0	 1	 805	 5.0; % COW
	59	 22.0	 35.0	 520.0	 -450.0	 1.0	 600.0	 1	 39	 5.0; % COW
	60	 2316.0	 843.0	 4000.0	 -2314.0	 1.0	 5000.0	 1	 4627	 5.0; % NG
];

%% generator cost data
%	2	startup	shutdown	n	c(n-1)	...	c0
