%%%%%%%%%%%%%%%%%%%%%%%%%%%%%%%%%%%%%%%%%%%%%%%%%%%%%%%%%%%%%%%%%%%%%%%%%%%
%%%%                                                                  %%%%%
%%%%    IEEE PES Power Grid Library - Optimal Power Flow - v21.07     %%%%%
%%%%          (https://github.com/power-grid-lib/pglib-opf)           %%%%%
%%%%             Benchmark Group - Active Power Increase              %%%%%
%%%%                         29 - July - 2021                         %%%%%
%%%%                                                                  %%%%%
%%%%%%%%%%%%%%%%%%%%%%%%%%%%%%%%%%%%%%%%%%%%%%%%%%%%%%%%%%%%%%%%%%%%%%%%%%%
function mpc = pglib_opf_case39_epri__api
mpc.version = '2';
mpc.baseMVA = 100.0;

%% bus data
%	bus_i	type	Pd	Qd	Gs	Bs	area	Vm	Va	baseKV	zone	Vmax	Vmin
mpc.bus = [
	1	 1	 160.91	 44.20	 0.0	 0.0	 2	    1.00000	    0.00000	 345.0	 1	    1.06000	    0.94000;
	2	 1	 0.0	 0.0	 0.0	 0.0	 2	    1.00000	    0.00000	 345.0	 1	    1.06000	    0.94000;
	3	 1	 530.88	 2.40	 0.0	 0.0	 2	    1.00000	    0.00000	 345.0	 1	    1.06000	    0.94000;
	4	 1	 824.35	 184.00	 0.0	 0.0	 1	    1.00000	    0.00000	 345.0	 1	    1.06000	    0.94000;
	5	 1	 0.0	 0.0	 0.0	 0.0	 1	    1.00000	    0.00000	 345.0	 1	    1.06000	    0.94000;
	6	 1	 0.0	 0.0	 0.0	 0.0	 1	    1.00000	    0.00000	 345.0	 1	    1.06000	    0.94000;
	7	 1	 385.47	 84.00	 0.0	 0.0	 1	    1.00000	    0.00000	 345.0	 1	    1.06000	    0.94000;
	8	 1	 860.62	 176.60	 0.0	 0.0	 1	    1.00000	    0.00000	 345.0	 1	    1.06000	    0.94000;
	9	 1	 6.50	 -66.60	 0.0	 0.0	 1	    1.00000	    0.00000	 345.0	 1	    1.06000	    0.94000;
	10	 1	 0.0	 0.0	 0.0	 0.0	 1	    1.00000	    0.00000	 345.0	 1	    1.06000	    0.94000;
	11	 1	 0.0	 0.0	 0.0	 0.0	 1	    1.00000	    0.00000	 345.0	 1	    1.06000	    0.94000;
	12	 1	 14.06	 88.00	 0.0	 0.0	 1	    1.00000	    0.00000	 345.0	 1	    1.06000	    0.94000;
	13	 1	 0.0	 0.0	 0.0	 0.0	 1	    1.00000	    0.00000	 345.0	 1	    1.06000	    0.94000;
	14	 1	 0.0	 0.0	 0.0	 0.0	 1	    1.00000	    0.00000	 345.0	 1	    1.06000	    0.94000;
	15	 1	 527.58	 153.00	 0.0	 0.0	 3	    1.00000	    0.00000	 345.0	 1	    1.06000	    0.94000;
	16	 1	 542.42	 32.30	 0.0	 0.0	 3	    1.00000	    0.00000	 345.0	 1	    1.06000	    0.94000;
	17	 1	 0.0	 0.0	 0.0	 0.0	 2	    1.00000	    0.00000	 345.0	 1	    1.06000	    0.94000;
	18	 1	 260.49	 30.00	 0.0	 0.0	 2	    1.00000	    0.00000	 345.0	 1	    1.06000	    0.94000;
	19	 1	 0.0	 0.0	 0.0	 0.0	 3	    1.00000	    0.00000	 345.0	 1	    1.06000	    0.94000;
	20	 1	 1121.12	 103.00	 0.0	 0.0	 3	    1.00000	    0.00000	 345.0	 1	    1.06000	    0.94000;
	21	 1	 451.74	 115.00	 0.0	 0.0	 3	    1.00000	    0.00000	 345.0	 1	    1.06000	    0.94000;
	22	 1	 0.0	 0.0	 0.0	 0.0	 3	    1.00000	    0.00000	 345.0	 1	    1.06000	    0.94000;
	23	 1	 408.05	 84.60	 0.0	 0.0	 3	    1.00000	    0.00000	 345.0	 1	    1.06000	    0.94000;
	24	 1	 308.60	 -92.20	 0.0	 0.0	 3	    1.00000	    0.00000	 345.0	 1	    1.06000	    0.94000;
	25	 1	 369.31	 47.20	 0.0	 0.0	 2	    1.00000	    0.00000	 345.0	 1	    1.06000	    0.94000;
	26	 1	 229.17	 17.00	 0.0	 0.0	 2	    1.00000	    0.00000	 345.0	 1	    1.06000	    0.94000;
	27	 1	 463.28	 75.50	 0.0	 0.0	 2	    1.00000	    0.00000	 345.0	 1	    1.06000	    0.94000;
	28	 1	 339.63	 27.60	 0.0	 0.0	 3	    1.00000	    0.00000	 345.0	 1	    1.06000	    0.94000;
	29	 1	 467.41	 26.90	 0.0	 0.0	 3	    1.00000	    0.00000	 345.0	 1	    1.06000	    0.94000;
	30	 2	 0.0	 0.0	 0.0	 0.0	 2	    1.00000	    0.00000	 345.0	 1	    1.06000	    0.94000;
	31	 3	 15.17	 4.60	 0.0	 0.0	 1	    1.00000	    0.00000	 345.0	 1	    1.06000	    0.94000;
	32	 2	 0.0	 0.0	 0.0	 0.0	 1	    1.00000	    0.00000	 345.0	 1	    1.06000	    0.94000;
	33	 2	 0.0	 0.0	 0.0	 0.0	 3	    1.00000	    0.00000	 345.0	 1	    1.06000	    0.94000;
	34	 2	 0.0	 0.0	 0.0	 0.0	 3	    1.00000	    0.00000	 345.0	 1	    1.06000	    0.94000;
	35	 2	 0.0	 0.0	 0.0	 0.0	 3	    1.00000	    0.00000	 345.0	 1	    1.06000	    0.94000;
	36	 2	 0.0	 0.0	 0.0	 0.0	 3	    1.00000	    0.00000	 345.0	 1	    1.06000	    0.94000;
	37	 2	 0.0	 0.0	 0.0	 0.0	 2	    1.00000	    0.00000	 345.0	 1	    1.06000	    0.94000;
	38	 2	 0.0	 0.0	 0.0	 0.0	 3	    1.00000	    0.00000	 345.0	 1	    1.06000	    0.94000;
	39	 2	 1820.16	 250.00	 0.0	 0.0	 1	    1.00000	    0.00000	 345.0	 1	    1.06000	    0.94000;
];

%% generator data
%	bus	Pg	Qg	Qmax	Qmin	Vg	mBase	status	Pmax	Pmin
mpc.gen = [
	30	 159.0	 59.0	 400.0	 -282.0	 1.0	 100.0	 1	 318	 0.0; % COW
	31	 789.0	 0.0	 854.4	 -854.4	 1.0	 100.0	 1	 1578	 0.0; % COW
	32	 1277.5	 0.0	 1278.0	 -1278.0	 1.0	 100.0	 1	 2555	 0.0; % COW
	33	 432.5	 0.0	 433.0	 -433.0	 1.0	 100.0	 1	 865	 0.0; % COW
	34	 438.5	 0.0	 439.0	 -439.0	 1.0	 100.0	 1	 877	 0.0; % COW
	35	 560.0	 0.0	 560.0	 -560.0	 1.0	 100.0	 1	 1120	 0.0; % COW
	36	 461.0	 0.0	 461.0	 -461.0	 1.0	 100.0	 1	 922	 0.0; % COW
	37	 759.0	 0.0	 759.0	 -759.0	 1.0	 100.0	 1	 1518	 0.0; % COW
	38	 594.5	 0.0	 595.0	 -595.0	 1.0	 100.0	 1	 1189	 0.0; % COW
	39	 1261.5	 0.0	 1262.0	 -1262.0	 1.0	 100.0	 1	 2523	 0.0; % COW
];

%% generator cost data
%	2	startup	shutdown	n	c(n-1)	...	c0
mpc.gencost = [
	2	 0.0	 0.0	 3	   0.000000	   6.724778	   0.000000; % COW
	2	 0.0	 0.0	 3	   0.000000	  14.707625	   0.000000; % COW
	2	 0.0	 0.0	 3	   0.000000	  24.804734	   0.000000; % COW
	2	 0.0	 0.0	 3	   0.000000	  34.844643	   0.000000; % COW
	2	 0.0	 0.0	 3	   0.000000	  24.652994	   0.000000; % COW
	2	 0.0	 0.0	 3	   0.000000	  32.306483	   0.000000; % COW
	2	 0.0	 0.0	 3	   0.000000	  18.157477	   0.000000; % COW
	2	 0.0	 0.0	 3	   0.000000	  31.550181	   0.000000; % COW
	2	 0.0	 0.0	 3	   0.000000	  22.503168	   0.000000; % COW
	2	 0.0	 0.0	 3	   0.000000	  27.434444	   0.000000; % COW
];

%% branch data
%	fbus	tbus	r	x	b	rateA	rateB	rateC	ratio	angle	status	angmin	angmax
