%%%%%%%%%%%%%%%%%%%%%%%%%%%%%%%%%%%%%%%%%%%%%%%%%%%%%%%%%%%%%%%%%%%%%%%%%%%
%%%%                                                                  %%%%%
%%%%    IEEE PES Power Grid Library - Optimal Power Flow - v19.01     %%%%%
%%%%          (https://github.com/power-grid-lib/pglib-opf)           %%%%%
%%%%             Benchmark Group - Active Power Increase              %%%%%
%%%%                       04 - January - 2019                        %%%%%
%%%%                                                                  %%%%%
%%%%%%%%%%%%%%%%%%%%%%%%%%%%%%%%%%%%%%%%%%%%%%%%%%%%%%%%%%%%%%%%%%%%%%%%%%%
function mpc = pglib_opf_case24_ieee_rts__api
mpc.version = '2';
mpc.baseMVA = 100.0;

%% area data
%	area	refbus
mpc.areas = [
	1	 1;
	2	 3;
	3	 8;
	4	 6;
];

%% bus data
%	bus_i	type	Pd	Qd	Gs	Bs	area	Vm	Va	baseKV	zone	Vmax	Vmin
mpc.bus = [
	1	 2	 207.30	 22.00	 0.0	 0.0	 1	    1.00000	    0.00000	 138.0	 1	    1.05000	    0.95000;
	2	 2	 186.19	 20.00	 0.0	 0.0	 1	    1.00000	    0.00000	 138.0	 1	    1.05000	    0.95000;
	3	 1	 345.50	 37.00	 0.0	 0.0	 1	    1.00000	    0.00000	 138.0	 1	    1.05000	    0.95000;
	4	 1	 142.04	 15.00	 0.0	 0.0	 1	    1.00000	    0.00000	 138.0	 1	    1.05000	    0.95000;
	5	 1	 136.28	 14.00	 0.0	 0.0	 1	    1.00000	    0.00000	 138.0	 1	    1.05000	    0.95000;
	6	 1	 261.05	 28.00	 0.0	 -100.0	 2	    1.00000	    0.00000	 138.0	 1	    1.05000	    0.95000;
	7	 2	 239.93	 25.00	 0.0	 0.0	 2	    1.00000	    0.00000	 138.0	 1	    1.05000	    0.95000;
	8	 1	 328.23	 35.00	 0.0	 0.0	 2	    1.00000	    0.00000	 138.0	 1	    1.05000	    0.95000;
	9	 1	 335.91	 36.00	 0.0	 0.0	 1	    1.00000	    0.00000	 138.0	 1	    1.05000	    0.95000;
	10	 1	 374.29	 40.00	 0.0	 0.0	 2	    1.00000	    0.00000	 138.0	 1	    1.05000	    0.95000;
	11	 1	 0.0	 0.0	 0.0	 0.0	 3	    1.00000	    0.00000	 230.0	 1	    1.05000	    0.95000;
	12	 1	 0.0	 0.0	 0.0	 0.0	 3	    1.00000	    0.00000	 230.0	 1	    1.05000	    0.95000;
	13	 3	 508.66	 54.00	 0.0	 0.0	 3	    1.00000	    0.00000	 230.0	 1	    1.05000	    0.95000;
	14	 2	 372.37	 39.00	 0.0	 0.0	 3	    1.00000	    0.00000	 230.0	 1	    1.05000	    0.95000;
	15	 2	 608.47	 64.00	 0.0	 0.0	 4	    1.00000	    0.00000	 230.0	 1	    1.05000	    0.95000;
	16	 2	 191.95	 20.00	 0.0	 0.0	 4	    1.00000	    0.00000	 230.0	 1	    1.05000	    0.95000;
	17	 1	 0.0	 0.0	 0.0	 0.0	 4	    1.00000	    0.00000	 230.0	 1	    1.05000	    0.95000;
	18	 2	 639.18	 68.00	 0.0	 0.0	 4	    1.00000	    0.00000	 230.0	 1	    1.05000	    0.95000;
	19	 1	 347.42	 37.00	 0.0	 0.0	 3	    1.00000	    0.00000	 230.0	 1	    1.05000	    0.95000;
	20	 1	 245.69	 26.00	 0.0	 0.0	 3	    1.00000	    0.00000	 230.0	 1	    1.05000	    0.95000;
	21	 2	 0.0	 0.0	 0.0	 0.0	 4	    1.00000	    0.00000	 230.0	 1	    1.05000	    0.95000;
	22	 2	 0.0	 0.0	 0.0	 0.0	 4	    1.00000	    0.00000	 230.0	 1	    1.05000	    0.95000;
	23	 2	 0.0	 0.0	 0.0	 0.0	 3	    1.00000	    0.00000	 230.0	 1	    1.05000	    0.95000;
	24	 1	 0.0	 0.0	 0.0	 0.0	 4	    1.00000	    0.00000	 230.0	 1	    1.05000	    0.95000;
];

%% generator data
%	bus	Pg	Qg	Qmax	Qmin	Vg	mBase	status	Pmax	Pmin
mpc.gen = [
	1	 43.5	 0.0	 40.0	 -40.0	 1.0	 100.0	 1	 79	 8.0; % PEL
	1	 109.5	 0.0	 106.0	 -106.0	 1.0	 100.0	 1	 211	 8.0; % PEL
	1	 41.3	 0.0	 38.0	 -38.0	 1.0	 100.0	 1	 75	 7.6; % PEL
	1	 42.8	 0.0	 39.0	 -39.0	 1.0	 100.0	 1	 78	 7.6; % NG
	2	 98.0	 0.0	 94.0	 -94.0	 1.0	 100.0	 1	 188	 8.0; % NG
	2	 95.0	 0.0	 91.0	 -91.0	 1.0	 100.0	 1	 182	 8.0; % PEL
	2	 91.8	 0.0	 88.0	 -88.0	 1.0	 100.0	 1	 176	 7.6; % NG
	2	 335.3	 0.0	 332.0	 -332.0	 1.0	 100.0	 1	 663	 7.6; % COW
	7	 221.25	 0.0	 215.0	 -215.0	 1.0	 100.0	 1	 430	 12.5; % NG
	7	 82.75	 0.0	 77.0	 -77.0	 1.0	 100.0	 1	 153	 12.5; % NG
	7	 303.75	 0.0	 298.0	 -298.0	 1.0	 100.0	 1	 595	 12.5; % COW
	13	 289.25	 0.0	 272.0	 -272.0	 1.0	 100.0	 1	 544	 34.5; % NG
	13	 288.25	 0.0	 271.0	 -271.0	 1.0	 100.0	 1	 542	 34.5; % NG
	13	 321.75	 0.0	 305.0	 -305.0	 1.0	 100.0	 1	 609	 34.5; % COW
	14	 0.0	 0.0	 250.8	 -250.8	 1.0	 100.0	 1	 0	 0.0; % SYNC
	15	 80.1	 0.0	 94.8	 -94.8	 1.0	 100.0	 1	 159	 1.2; % NG
	15	 103.6	 0.0	 103.0	 -103.0	 1.0	 100.0	 1	 206	 1.2; % COW
	15	 98.1	 0.0	 98.0	 -98.0	 1.0	 100.0	 1	 195	 1.2; % NG
	15	 81.6	 0.0	 94.8	 -94.8	 1.0	 100.0	 1	 162	 1.2; % NG
	15	 70.1	 0.0	 94.8	 -94.8	 1.0	 100.0	 1	 139	 1.2; % NG
	15	 116.575	 0.0	 103.0	 -103.0	 1.0	 100.0	 1	 206	 27.15; % NG
	16	 307.575	 0.0	 294.0	 -294.0	 1.0	 100.0	 1	 588	 27.15; % NG
	18	 216.0	 4.5	 200.0	 -191.0	 1.0	 100.0	 1	 382	 50.0; % NG
	21	 362.5	 0.0	 338.0	 -338.0	 1.0	 100.0	 1	 675	 50.0; % COW
	22	 113.5	 0.0	 111.0	 -111.0	 1.0	 100.0	 1	 222	 5.0; % NG
	22	 94.5	 0.0	 92.0	 -92.0	 1.0	 100.0	 1	 184	 5.0; % NG
	22	 75.5	 0.0	 73.0	 -73.0	 1.0	 100.0	 1	 146	 5.0; % NG
	22	 119.0	 0.0	 117.0	 -117.0	 1.0	 100.0	 1	 233	 5.0; % COW
	22	 110.5	 0.0	 108.0	 -108.0	 1.0	 100.0	 1	 216	 5.0; % NG
	22	 44.0	 0.0	 42.0	 -42.0	 1.0	 100.0	 1	 83	 5.0; % NG
	23	 224.075	 0.0	 211.0	 -211.0	 1.0	 100.0	 1	 421	 27.15; % NG
	23	 159.575	 0.0	 146.0	 -146.0	 1.0	 100.0	 1	 292	 27.15; % COW
	23	 226.0	 0.0	 191.0	 -191.0	 1.0	 100.0	 1	 382	 70.0; % NG
];

%% generator cost data
%	2	startup	shutdown	n	c(n-1)	...	c0
mpc.gencost = [
	2	 1500.0	 0.0	 3	   0.000000	 130.000000	 400.684900; % PEL
	2	 1500.0	 0.0	 3	   0.000000	 130.000000	 400.684900; % PEL
	2	 1500.0	 0.0	 3	   0.014142	  16.081100	 212.307600; % PEL
	2	 1500.0	 0.0	 3	   0.014142	  16.081100	 212.307600; % NG
	2	 1500.0	 0.0	 3	   0.000000	 130.000000	 400.684900; % NG
	2	 1500.0	 0.0	 3	   0.000000	 130.000000	 400.684900; % PEL
	2	 1500.0	 0.0	 3	   0.014142	  16.081100	 212.307600; % NG
	2	 1500.0	 0.0	 3	   0.014142	  16.081100	 212.307600; % COW
	2	 1500.0	 0.0	 3	   0.052672	  43.661500	 781.521000; % NG
	2	 1500.0	 0.0	 3	   0.052672	  43.661500	 781.521000; % NG
	2	 1500.0	 0.0	 3	   0.052672	  43.661500	 781.521000; % COW
	2	 1500.0	 0.0	 3	   0.007170	  48.580400	 832.757500; % NG
	2	 1500.0	 0.0	 3	   0.007170	  48.580400	 832.757500; % NG
	2	 1500.0	 0.0	 3	   0.007170	  48.580400	 832.757500; % COW
	2	 1500.0	 0.0	 3	   0.000000	   0.000000	   0.000000; % SYNC
	2	 1500.0	 0.0	 3	   0.328412	  56.564000	  86.385200; % NG
	2	 1500.0	 0.0	 3	   0.328412	  56.564000	  86.385200; % COW
	2	 1500.0	 0.0	 3	   0.328412	  56.564000	  86.385200; % NG
	2	 1500.0	 0.0	 3	   0.328412	  56.564000	  86.385200; % NG
	2	 1500.0	 0.0	 3	   0.328412	  56.564000	  86.385200; % NG
	2	 1500.0	 0.0	 3	   0.008342	  12.388300	 382.239100; % NG
	2	 1500.0	 0.0	 3	   0.008342	  12.388300	 382.239100; % NG
	2	 1500.0	 0.0	 3	   0.000213	   4.423100	 395.374900; % NG
	2	 1500.0	 0.0	 3	   0.000213	   4.423100	 395.374900; % COW
	2	 1500.0	 0.0	 3	   0.000000	   0.001000	   0.001000; % NG
	2	 1500.0	 0.0	 3	   0.000000	   0.001000	   0.001000; % NG
	2	 1500.0	 0.0	 3	   0.000000	   0.001000	   0.001000; % NG
	2	 1500.0	 0.0	 3	   0.000000	   0.001000	   0.001000; % COW
	2	 1500.0	 0.0	 3	   0.000000	   0.001000	   0.001000; % NG
	2	 1500.0	 0.0	 3	   0.000000	   0.001000	   0.001000; % NG
	2	 1500.0	 0.0	 3	   0.008342	  12.388300	 382.239100; % NG
	2	 1500.0	 0.0	 3	   0.008342	  12.388300	 382.239100; % COW
	2	 1500.0	 0.0	 3	   0.004895	  11.849500	 665.109400; % NG
];

%% branch data
%	fbus	tbus	r	x	b	rateA	rateB	rateC	ratio	angle	status	angmin	angmax
