%%%%%%%%%%%%%%%%%%%%%%%%%%%%%%%%%%%%%%%%%%%%%%%%%%%%%%%%%%%%%%%%%%%%%%%%%%%
%%%%                                                                  %%%%%
%%%%    IEEE PES Power Grid Library - Optimal Power Flow - v17.07     %%%%%
%%%%          (https://github.com/power-grid-lib/pglib-opf)           %%%%%
%%%%             Benchmark Group - Active Power Increase              %%%%%
%%%%                         24 - July - 2017                         %%%%%
%%%%                                                                  %%%%%
%%%%%%%%%%%%%%%%%%%%%%%%%%%%%%%%%%%%%%%%%%%%%%%%%%%%%%%%%%%%%%%%%%%%%%%%%%%
function mpc = pglib_opf_case200_pserc__api
mpc.version = '2';
mpc.baseMVA = 100.0;

%% bus data
%	bus_i	type	Pd	Qd	Gs	Bs	area	Vm	Va	baseKV	zone	Vmax	Vmin
mpc.bus = [
	1	 1	 0.00	 0.00	 0.0	 0.0	 1	    1.00000	    0.00000	 115.0	 1	    1.10000	    0.90000;
	2	 1	 12.07	 3.12	 0.0	 0.0	 1	    1.00000	    0.00000	 115.0	 1	    1.10000	    0.90000;
	3	 1	 0.00	 0.00	 0.0	 0.0	 1	    1.00000	    0.00000	 115.0	 1	    1.10000	    0.90000;
	4	 1	 3.00	 0.77	 0.0	 0.0	 1	    1.00000	    0.00000	 115.0	 1	    1.10000	    0.90000;
	5	 1	 0.00	 0.00	 0.0	 0.0	 1	    1.00000	    0.00000	 115.0	 1	    1.10000	    0.90000;
	6	 1	 13.78	 3.56	 0.0	 0.0	 1	    1.00000	    0.00000	 115.0	 1	    1.10000	    0.90000;
	7	 1	 0.00	 0.00	 0.0	 0.0	 1	    1.00000	    0.00000	 115.0	 1	    1.10000	    0.90000;
	8	 1	 38.81	 10.03	 0.0	 0.0	 1	    1.00000	    0.00000	 115.0	 1	    1.10000	    0.90000;
	9	 1	 0.00	 0.00	 0.0	 0.0	 1	    1.00000	    0.00000	 115.0	 1	    1.10000	    0.90000;
	10	 1	 69.77	 18.04	 0.0	 0.0	 1	    1.00000	    0.00000	 115.0	 1	    1.10000	    0.90000;
	11	 1	 0.00	 0.00	 0.0	 0.0	 1	    1.00000	    0.00000	 115.0	 1	    1.10000	    0.90000;
	12	 1	 0.54	 0.14	 0.0	 0.0	 1	    1.00000	    0.00000	 115.0	 1	    1.10000	    0.90000;
	13	 1	 4.45	 1.15	 0.0	 0.0	 1	    1.00000	    0.00000	 115.0	 1	    1.10000	    0.90000;
	14	 1	 0.00	 0.00	 0.0	 0.0	 1	    1.00000	    0.00000	 230.0	 1	    1.10000	    0.90000;
	15	 1	 0.00	 0.00	 0.0	 30.0	 1	    1.00000	    0.00000	 115.0	 1	    1.10000	    0.90000;
	16	 1	 79.04	 20.44	 0.0	 0.0	 1	    1.00000	    0.00000	 115.0	 1	    1.10000	    0.90000;
	17	 1	 0.00	 0.00	 0.0	 0.0	 1	    1.00000	    0.00000	 115.0	 1	    1.10000	    0.90000;
	18	 1	 1.26	 0.33	 0.0	 0.0	 1	    1.00000	    0.00000	 115.0	 1	    1.10000	    0.90000;
	19	 1	 1.36	 0.35	 0.0	 0.0	 1	    1.00000	    0.00000	 115.0	 1	    1.10000	    0.90000;
	20	 1	 2.00	 0.52	 0.0	 0.0	 1	    1.00000	    0.00000	 115.0	 1	    1.10000	    0.90000;
	21	 1	 8.14	 2.10	 0.0	 0.0	 1	    1.00000	    0.00000	 115.0	 1	    1.10000	    0.90000;
	22	 1	 0.00	 0.00	 0.0	 0.0	 1	    1.00000	    0.00000	 115.0	 1	    1.10000	    0.90000;
	23	 1	 2.49	 0.64	 0.0	 0.0	 1	    1.00000	    0.00000	 115.0	 1	    1.10000	    0.90000;
	24	 1	 4.23	 1.09	 0.0	 0.0	 1	    1.00000	    0.00000	 115.0	 1	    1.10000	    0.90000;
	25	 1	 0.00	 0.00	 0.0	 0.0	 1	    1.00000	    0.00000	 115.0	 1	    1.10000	    0.90000;
	26	 1	 2.35	 0.61	 0.0	 0.0	 1	    1.00000	    0.00000	 115.0	 1	    1.10000	    0.90000;
	27	 1	 0.00	 0.00	 0.0	 0.0	 1	    1.00000	    0.00000	 115.0	 1	    1.10000	    0.90000;
	28	 1	 4.12	 1.07	 0.0	 0.0	 1	    1.00000	    0.00000	 115.0	 1	    1.10000	    0.90000;
	29	 1	 0.00	 0.00	 0.0	 0.0	 1	    1.00000	    0.00000	 115.0	 1	    1.10000	    0.90000;
	30	 1	 96.59	 24.97	 0.0	 0.0	 1	    1.00000	    0.00000	 115.0	 1	    1.10000	    0.90000;
	31	 1	 0.00	 0.00	 0.0	 0.0	 1	    1.00000	    0.00000	 115.0	 1	    1.10000	    0.90000;
	32	 1	 0.77	 0.20	 0.0	 0.0	 1	    1.00000	    0.00000	 115.0	 1	    1.10000	    0.90000;
	33	 1	 9.72	 2.51	 0.0	 0.0	 1	    1.00000	    0.00000	 115.0	 1	    1.10000	    0.90000;
	34	 1	 0.00	 0.00	 0.0	 0.0	 1	    1.00000	    0.00000	 115.0	 1	    1.10000	    0.90000;
	35	 1	 36.67	 9.48	 0.0	 0.0	 1	    1.00000	    0.00000	 115.0	 1	    1.10000	    0.90000;
	36	 1	 0.00	 0.00	 0.0	 0.0	 1	    1.00000	    0.00000	 115.0	 1	    1.10000	    0.90000;
	37	 1	 5.39	 1.39	 0.0	 0.0	 1	    1.00000	    0.00000	 115.0	 1	    1.10000	    0.90000;
	38	 1	 44.99	 11.63	 0.0	 0.0	 1	    1.00000	    0.00000	 115.0	 1	    1.10000	    0.90000;
	39	 1	 13.07	 3.38	 0.0	 0.0	 1	    1.00000	    0.00000	 115.0	 1	    1.10000	    0.90000;
	40	 1	 3.62	 0.93	 0.0	 0.0	 1	    1.00000	    0.00000	 115.0	 1	    1.10000	    0.90000;
	41	 1	 68.21	 17.63	 0.0	 0.0	 1	    1.00000	    0.00000	 115.0	 1	    1.10000	    0.90000;
	42	 1	 18.75	 4.85	 0.0	 0.0	 1	    1.00000	    0.00000	 115.0	 1	    1.10000	    0.90000;
	43	 1	 3.41	 0.88	 0.0	 0.0	 1	    1.00000	    0.00000	 115.0	 1	    1.10000	    0.90000;
	44	 1	 7.33	 1.89	 0.0	 0.0	 1	    1.00000	    0.00000	 115.0	 1	    1.10000	    0.90000;
	45	 1	 0.00	 0.00	 0.0	 0.0	 1	    1.00000	    0.00000	 230.0	 1	    1.10000	    0.90000;
	46	 1	 9.57	 2.47	 0.0	 0.0	 1	    1.00000	    0.00000	 115.0	 1	    1.10000	    0.90000;
	47	 1	 2.72	 0.71	 0.0	 0.0	 1	    1.00000	    0.00000	 115.0	 1	    1.10000	    0.90000;
	48	 1	 3.16	 0.82	 0.0	 0.0	 1	    1.00000	    0.00000	 115.0	 1	    1.10000	    0.90000;
	49	 2	 0.00	 0.00	 0.0	 0.0	 1	    1.00000	    0.00000	 13.8	 1	    1.10000	    0.90000;
	50	 2	 0.00	 0.00	 0.0	 0.0	 1	    1.00000	    0.00000	 13.8	 1	    1.10000	    0.90000;
	51	 2	 0.00	 0.00	 0.0	 0.0	 1	    1.00000	    0.00000	 13.8	 1	    1.10000	    0.90000;
	52	 2	 0.00	 0.00	 0.0	 0.0	 1	    1.00000	    0.00000	 13.8	 1	    1.10000	    0.90000;
	53	 2	 0.00	 0.00	 0.0	 0.0	 1	    1.00000	    0.00000	 13.8	 1	    1.10000	    0.90000;
	54	 1	 4.71	 1.22	 0.0	 0.0	 1	    1.00000	    0.00000	 115.0	 1	    1.10000	    0.90000;
	55	 1	 0.00	 0.00	 0.0	 0.0	 1	    1.00000	    0.00000	 230.0	 1	    1.10000	    0.90000;
	56	 1	 1.97	 0.51	 0.0	 0.0	 1	    1.00000	    0.00000	 115.0	 1	    1.10000	    0.90000;
	57	 1	 4.98	 1.29	 0.0	 0.0	 1	    1.00000	    0.00000	 115.0	 1	    1.10000	    0.90000;
	58	 1	 6.38	 1.65	 0.0	 0.0	 1	    1.00000	    0.00000	 115.0	 1	    1.10000	    0.90000;
	59	 1	 7.74	 2.00	 0.0	 0.0	 1	    1.00000	    0.00000	 115.0	 1	    1.10000	    0.90000;
	60	 1	 6.21	 1.60	 0.0	 0.0	 1	    1.00000	    0.00000	 115.0	 1	    1.10000	    0.90000;
	61	 1	 31.02	 8.02	 0.0	 0.0	 1	    1.00000	    0.00000	 115.0	 1	    1.10000	    0.90000;
	62	 1	 37.80	 9.77	 0.0	 0.0	 1	    1.00000	    0.00000	 115.0	 1	    1.10000	    0.90000;
	63	 1	 14.10	 3.64	 0.0	 0.0	 1	    1.00000	    0.00000	 115.0	 1	    1.10000	    0.90000;
	64	 1	 0.00	 0.00	 0.0	 0.0	 1	    1.00000	    0.00000	 115.0	 1	    1.10000	    0.90000;
	65	 2	 0.00	 0.00	 0.0	 0.0	 1	    1.00000	    0.00000	 13.8	 1	    1.10000	    0.90000;
	66	 1	 0.00	 0.00	 0.0	 0.0	 1	    1.00000	    0.00000	 115.0	 1	    1.10000	    0.90000;
	67	 2	 0.00	 0.00	 0.0	 0.0	 1	    1.00000	    0.00000	 13.8	 1	    1.10000	    0.90000;
	68	 2	 0.00	 0.00	 0.0	 0.0	 1	    1.00000	    0.00000	 13.8	 1	    1.10000	    0.90000;
	69	 2	 0.00	 0.00	 0.0	 0.0	 1	    1.00000	    0.00000	 13.8	 1	    1.10000	    0.90000;
	70	 2	 0.00	 0.00	 0.0	 0.0	 1	    1.00000	    0.00000	 13.8	 1	    1.10000	    0.90000;
	71	 2	 0.00	 0.00	 0.0	 0.0	 1	    1.00000	    0.00000	 13.8	 1	    1.10000	    0.90000;
	72	 2	 0.00	 0.00	 0.0	 0.0	 1	    1.00000	    0.00000	 13.8	 1	    1.10000	    0.90000;
	73	 2	 0.00	 0.00	 0.0	 0.0	 1	    1.00000	    0.00000	 13.8	 1	    1.10000	    0.90000;
	74	 1	 32.53	 8.41	 0.0	 0.0	 1	    1.00000	    0.00000	 115.0	 1	    1.10000	    0.90000;
	75	 1	 5.89	 1.52	 0.0	 0.0	 1	    1.00000	    0.00000	 115.0	 1	    1.10000	    0.90000;
	76	 2	 0.00	 0.00	 0.0	 0.0	 1	    1.00000	    0.00000	 13.8	 1	    1.10000	    0.90000;
	77	 2	 0.00	 0.00	 0.0	 0.0	 1	    1.00000	    0.00000	 13.8	 1	    1.10000	    0.90000;
	78	 2	 0.00	 0.00	 0.0	 0.0	 1	    1.00000	    0.00000	 13.8	 1	    1.10000	    0.90000;
	79	 2	 0.00	 0.00	 0.0	 0.0	 1	    1.00000	    0.00000	 13.8	 1	    1.10000	    0.90000;
