%%%%%%%%%%%%%%%%%%%%%%%%%%%%%%%%%%%%%%%%%%%%%%%%%%%%%%%%%%%%%%%%%%%%%%%%%%%
%%%%                                                                  %%%%%
%%%%    IEEE PES Power Grid Library - Optimal Power Flow - v21.07     %%%%%
%%%%          (https://github.com/power-grid-lib/pglib-opf)           %%%%%
%%%%             Benchmark Group - Active Power Increase              %%%%%
%%%%                         29 - July - 2021                         %%%%%
%%%%                                                                  %%%%%
%%%%%%%%%%%%%%%%%%%%%%%%%%%%%%%%%%%%%%%%%%%%%%%%%%%%%%%%%%%%%%%%%%%%%%%%%%%
function mpc = pglib_opf_case179_goc__api
mpc.version = '2';
mpc.baseMVA = 100.0;

%% bus data
%	bus_i	type	Pd	Qd	Gs	Bs	area	Vm	Va	baseKV	zone	Vmax	Vmin
mpc.bus = [
	2	 1	 926.77	 -54.77	 0.0	 0.0	 1	    1.00300	    0.00000	 1.0	 1	    1.10800	    0.89800;
	3	 1	 0.0	 0.0	 0.0	 0.0	 1	    1.00300	    0.00000	 1.0	 1	    1.10800	    0.89800;
	4	 2	 46.71	 0.00	 0.0	 0.0	 1	    1.00300	    0.00000	 1.0	 1	    1.10800	    0.89800;
	5	 1	 1271.04	 -122.37	 0.0	 0.0	 1	    1.00300	    0.00000	 1.0	 1	    1.10800	    0.89800;
	6	 2	 48.57	 0.00	 0.0	 0.0	 1	    1.00300	    0.00000	 1.0	 1	    1.10800	    0.89800;
	7	 1	 0.0	 0.0	 0.0	 -113.0	 1	    1.00300	    0.00000	 1.0	 1	    1.10800	    0.89800;
	8	 1	 113.45	 -54.21	 0.0	 -155.0	 1	    1.00300	    0.00000	 1.0	 1	    1.10800	    0.89800;
	9	 2	 50.00	 0.00	 0.0	 0.0	 1	    1.00300	    0.00000	 1.0	 1	    1.10800	    0.89800;
	10	 1	 171.04	 22.91	 0.0	 0.0	 1	    1.00300	    0.00000	 1.0	 1	    1.10800	    0.89800;
	11	 2	 47.87	 0.00	 0.0	 0.0	 1	    1.00300	    0.00000	 1.0	 1	    1.10800	    0.89800;
	12	 1	 105.15	 65.76	 0.0	 -190.0	 2	    1.00300	    0.00000	 1.0	 1	    1.10800	    0.89800;
	13	 2	 48.55	 0.00	 0.0	 0.0	 2	    1.00300	    0.00000	 1.0	 1	    1.10800	    0.89800;
	14	 1	 0.0	 0.0	 0.0	 -391.0	 2	    1.00300	    0.00000	 1.0	 1	    1.10800	    0.89800;
	15	 2	 46.55	 0.00	 0.0	 0.0	 2	    1.00300	    0.00000	 1.0	 1	    1.10800	    0.89800;
	16	 1	 1103.27	 215.20	 0.0	 -146.0	 2	    1.00300	    0.00000	 1.0	 1	    1.10800	    0.89800;
	17	 1	 1165.64	 4.79	 0.0	 390.0	 1	    1.00300	    0.00000	 1.0	 1	    1.10800	    0.89800;
	18	 2	 51.79	 0.00	 0.0	 0.0	 1	    1.00300	    0.00000	 1.0	 1	    1.10800	    0.89800;
	19	 1	 327.45	 -64.08	 0.0	 -427.0	 2	    1.00300	    0.00000	 1.0	 1	    1.10800	    0.89800;
	20	 1	 0.0	 0.0	 0.0	 0.0	 2	    1.00300	    0.00000	 1.0	 1	    1.10800	    0.89800;
	21	 1	 0.0	 0.0	 0.0	 0.0	 2	    1.00300	    0.00000	 1.0	 1	    1.10800	    0.89800;
	22	 1	 0.0	 0.0	 0.0	 0.0	 2	    1.00300	    0.00000	 1.0	 1	    1.10800	    0.89800;
	23	 1	 0.0	 0.0	 0.0	 0.0	 2	    1.00300	    0.00000	 1.0	 1	    1.10800	    0.89800;
	24	 1	 0.0	 0.0	 0.0	 0.0	 2	    1.00300	    0.00000	 1.0	 1	    1.10800	    0.89800;
	25	 1	 0.0	 0.0	 0.0	 0.0	 2	    1.00300	    0.00000	 1.0	 1	    1.10800	    0.89800;
	26	 1	 0.0	 0.0	 0.0	 0.0	 2	    1.00300	    0.00000	 1.0	 1	    1.10800	    0.89800;
	27	 1	 0.0	 0.0	 0.0	 0.0	 2	    1.00300	    0.00000	 1.0	 1	    1.10800	    0.89800;
	28	 1	 0.0	 0.0	 0.0	 0.0	 1	    1.00300	    0.00000	 1.0	 1	    1.10800	    0.89800;
	29	 1	 0.0	 0.0	 0.0	 0.0	 1	    1.00300	    0.00000	 1.0	 1	    1.10800	    0.89800;
	30	 2	 49.30	 0.00	 0.0	 0.0	 1	    1.00300	    0.00000	 1.0	 1	    1.10800	    0.89800;
	31	 1	 6031.58	 1052.35	 0.0	 0.0	 1	    1.00300	    0.00000	 1.0	 1	    1.10800	    0.89800;
	32	 1	 0.0	 0.0	 0.0	 0.0	 1	    1.00300	    0.00000	 1.0	 1	    1.10800	    0.89800;
	33	 1	 0.0	 0.0	 0.0	 0.0	 1	    1.00300	    0.00000	 1.0	 1	    1.10800	    0.89800;
	34	 1	 4295.00	 703.18	 0.0	 0.0	 1	    1.00300	    0.00000	 1.0	 1	    1.10800	    0.89800;
	35	 2	 45.09	 0.00	 0.0	 0.0	 1	    1.00300	    0.00000	 1.0	 1	    1.10800	    0.89800;
	36	 2	 51.16	 0.00	 0.0	 0.0	 1	    1.00300	    0.00000	 1.0	 1	    1.10800	    0.89800;
	37	 1	 -843.68	 1045.02	 0.0	 912.0	 2	    1.00300	    0.00000	 1.0	 1	    1.10800	    0.89800;
	38	 1	 0.0	 0.0	 0.0	 0.0	 2	    1.00300	    0.00000	 1.0	 1	    1.10800	    0.89800;
	39	 1	 0.0	 0.0	 0.0	 0.0	 2	    1.00300	    0.00000	 1.0	 1	    1.10800	    0.89800;
	40	 2	 51.45	 0.00	 0.0	 0.0	 2	    1.00300	    0.00000	 1.0	 1	    1.10800	    0.89800;
	41	 1	 177.14	 28.00	 0.0	 0.0	 2	    1.00300	    0.00000	 1.0	 1	    1.10800	    0.89800;
	42	 1	 0.0	 0.0	 0.0	 0.0	 2	    1.00300	    0.00000	 1.0	 1	    1.10800	    0.89800;
	43	 2	 49.01	 0.00	 0.0	 0.0	 2	    1.00300	    0.00000	 1.0	 1	    1.10800	    0.89800;
	44	 1	 2787.50	 902.50	 0.0	 430.0	 1	    1.00300	    0.00000	 1.0	 1	    1.10800	    0.89800;
	45	 2	 52.83	 0.00	 0.0	 0.0	 1	    1.00300	    0.00000	 1.0	 1	    1.10800	    0.89800;
	46	 1	 -35.89	 -17.32	 0.0	 0.0	 2	    1.00300	    0.00000	 1.0	 1	    1.10800	    0.89800;
	47	 2	 53.25	 0.00	 0.0	 0.0	 2	    1.00300	    0.00000	 1.0	 1	    1.10800	    0.89800;
	48	 1	 139.70	 24.01	 0.0	 0.0	 2	    1.00300	    0.00000	 1.0	 1	    1.10800	    0.89800;
	49	 1	 0.0	 0.0	 0.0	 -80.0	 2	    1.00300	    0.00000	 1.0	 1	    1.10800	    0.89800;
	50	 1	 437.60	 62.09	 0.0	 0.0	 2	    1.00300	    0.00000	 1.0	 1	    1.10800	    0.89800;
	51	 1	 115.98	 -58.77	 0.0	 0.0	 2	    1.00300	    0.00000	 1.0	 1	    1.10800	    0.89800;
	52	 1	 0.0	 0.0	 0.0	 0.0	 2	    1.00300	    0.00000	 1.0	 1	    1.10800	    0.89800;
	53	 1	 0.0	 0.0	 0.0	 0.0	 2	    1.00300	    0.00000	 1.0	 1	    1.10800	    0.89800;
	54	 1	 188.08	 29.03	 0.0	 0.0	 2	    1.00300	    0.00000	 1.0	 1	    1.10800	    0.89800;
	55	 1	 1084.77	 126.16	 0.0	 0.0	 2	    1.00300	    0.00000	 1.0	 1	    1.10800	    0.89800;
	56	 1	 0.0	 0.0	 0.0	 0.0	 2	    1.00300	    0.00000	 1.0	 1	    1.10800	    0.89800;
	57	 1	 157.80	 24.03	 0.0	 0.0	 2	    1.00300	    0.00000	 1.0	 1	    1.10800	    0.89800;
	58	 1	 150.94	 25.47	 0.0	 0.0	 2	    1.00300	    0.00000	 1.0	 1	    1.10800	    0.89800;
	59	 1	 480.82	 -6.57	 0.0	 0.0	 2	    1.00300	    0.00000	 1.0	 1	    1.10800	    0.89800;
	60	 1	 -1459.73	 1687.42	 0.0	 2146.0	 2	    1.00300	    0.00000	 1.0	 1	    1.10800	    0.89800;
	61	 1	 471.15	 75.27	 0.0	 0.0	 2	    1.00300	    0.00000	 1.0	 1	    1.10800	    0.89800;
	62	 1	 243.69	 18.56	 0.0	 0.0	 2	    1.00300	    0.00000	 1.0	 1	    1.10800	    0.89800;
	63	 1	 -69.23	 30.32	 0.0	 -108.0	 2	    1.00300	    0.00000	 1.0	 1	    1.10800	    0.89800;
	64	 1	 0.0	 0.0	 0.0	 0.0	 2	    1.00300	    0.00000	 1.0	 1	    1.10800	    0.89800;
	65	 2	 46.97	 0.00	 0.0	 0.0	 1	    1.00300	    0.00000	 1.0	 1	    1.10800	    0.89800;
	66	 1	 1965.45	 298.97	 0.0	 0.0	 1	    1.00300	    0.00000	 1.0	 1	    1.10800	    0.89800;
	67	 1	 199.24	 31.52	 0.0	 0.0	 1	    1.00300	    0.00000	 1.0	 1	    1.10800	    0.89800;
	68	 1	 -35.37	 174.17	 0.0	 576.85	 1	    1.00300	    0.00000	 1.0	 1	    1.10800	    0.89800;
	69	 1	 -23.29	 20.73	 0.0	 0.0	 1	    1.00300	    0.00000	 1.0	 1	    1.10800	    0.89800;
	70	 2	 51.91	 0.00	 0.0	 0.0	 1	    1.00300	    0.00000	 1.0	 1	    1.10800	    0.89800;
	71	 1	 3771.86	 1816.85	 0.0	 792.0	 1	    1.00300	    0.00000	 1.0	 1	    1.10800	    0.89800;
	72	 1	 0.0	 0.0	 0.0	 462.0	 1	    1.00300	    0.00000	 1.0	 1	    1.10800	    0.89800;
	73	 1	 -781.91	 -53.83	 0.0	 0.0	 1	    1.00300	    0.00000	 1.0	 1	    1.10800	    0.89800;
	74	 1	 0.0	 0.0	 0.0	 0.0	 1	    1.00300	    0.00000	 1.0	 1	    1.10800	    0.89800;
	75	 1	 3104.33	 413.70	 0.0	 0.0	 1	    1.00300	    0.00000	 1.0	 1	    1.10800	    0.89800;
	76	 1	 4106.11	 1164.73	 0.0	 1019.35	 1	    1.00300	    0.00000	 1.0	 1	    1.10800	    0.89800;
	77	 3	 54.24	 0.00	 0.0	 0.0	 1	    1.00300	    0.00000	 1.0	 1	    1.10800	    0.89800;
	78	 1	 4519.98	 538.10	 0.0	 550.0	 1	    1.00300	    0.00000	 1.0	 1	    1.10800	    0.89800;
	79	 2	 53.91	 0.00	 0.0	 0.0	 1	    1.00300	    0.00000	 1.0	 1	    1.10800	    0.89800;
	80	 1	 5811.68	 396.38	 0.0	 1200.0	 1	    1.00300	    0.00000	 1.0	 1	    1.10800	    0.89800;
