%%%%%%%%%%%%%%%%%%%%%%%%%%%%%%%%%%%%%%%%%%%%%%%%%%%%%%%%%%%%%%%%%%%%%%%%%%%
%%%%                                                                  %%%%%
%%%%    IEEE PES Power Grid Library - Optimal Power Flow - v21.07     %%%%%
%%%%          (https://github.com/power-grid-lib/pglib-opf)           %%%%%
%%%%             Benchmark Group - Active Power Increase              %%%%%
%%%%                         29 - July - 2021                         %%%%%
%%%%                                                                  %%%%%
%%%%%%%%%%%%%%%%%%%%%%%%%%%%%%%%%%%%%%%%%%%%%%%%%%%%%%%%%%%%%%%%%%%%%%%%%%%
function mpc = pglib_opf_case73_ieee_rts__api
mpc.version = '2';
mpc.baseMVA = 100.0;

%% area data
%	area	refbus
mpc.areas = [
	1	 101;
	2	 201;
	3	 301;
];

%% bus data
%	bus_i	type	Pd	Qd	Gs	Bs	area	Vm	Va	baseKV	zone	Vmax	Vmin
mpc.bus = [
	101	 2	 207.36	 22.00	 0.0	 0.0	 1	    1.00000	    0.00000	 138.0	 1	    1.05000	    0.95000;
	102	 2	 186.24	 20.00	 0.0	 0.0	 1	    1.00000	    0.00000	 138.0	 1	    1.05000	    0.95000;
	103	 1	 345.60	 37.00	 0.0	 0.0	 1	    1.00000	    0.00000	 138.0	 1	    1.05000	    0.95000;
	104	 1	 142.08	 15.00	 0.0	 0.0	 1	    1.00000	    0.00000	 138.0	 1	    1.05000	    0.95000;
	105	 1	 136.32	 14.00	 0.0	 0.0	 1	    1.00000	    0.00000	 138.0	 1	    1.05000	    0.95000;
	106	 1	 261.12	 28.00	 0.0	 -100.0	 1	    1.00000	    0.00000	 138.0	 1	    1.05000	    0.95000;
	107	 2	 240.00	 25.00	 0.0	 0.0	 1	    1.00000	    0.00000	 138.0	 1	    1.05000	    0.95000;
	108	 1	 328.32	 35.00	 0.0	 0.0	 1	    1.00000	    0.00000	 138.0	 1	    1.05000	    0.95000;
	109	 1	 336.00	 36.00	 0.0	 0.0	 1	    1.00000	    0.00000	 138.0	 1	    1.05000	    0.95000;
	110	 1	 374.40	 40.00	 0.0	 0.0	 1	    1.00000	    0.00000	 138.0	 1	    1.05000	    0.95000;
	111	 1	 0.0	 0.0	 0.0	 0.0	 1	    1.00000	    0.00000	 230.0	 1	    1.05000	    0.95000;
	112	 1	 0.0	 0.0	 0.0	 0.0	 1	    1.00000	    0.00000	 230.0	 1	    1.05000	    0.95000;
	113	 3	 508.81	 54.00	 0.0	 0.0	 1	    1.00000	    0.00000	 230.0	 1	    1.05000	    0.95000;
	114	 2	 372.48	 39.00	 0.0	 0.0	 1	    1.00000	    0.00000	 230.0	 1	    1.05000	    0.95000;
	115	 2	 608.65	 64.00	 0.0	 0.0	 1	    1.00000	    0.00000	 230.0	 1	    1.05000	    0.95000;
	116	 2	 192.00	 20.00	 0.0	 0.0	 1	    1.00000	    0.00000	 230.0	 1	    1.05000	    0.95000;
	117	 1	 0.0	 0.0	 0.0	 0.0	 1	    1.00000	    0.00000	 230.0	 1	    1.05000	    0.95000;
	118	 2	 639.37	 68.00	 0.0	 0.0	 1	    1.00000	    0.00000	 230.0	 1	    1.05000	    0.95000;
	119	 1	 347.52	 37.00	 0.0	 0.0	 1	    1.00000	    0.00000	 230.0	 1	    1.05000	    0.95000;
	120	 1	 245.76	 26.00	 0.0	 0.0	 1	    1.00000	    0.00000	 230.0	 1	    1.05000	    0.95000;
	121	 2	 0.0	 0.0	 0.0	 0.0	 1	    1.00000	    0.00000	 230.0	 1	    1.05000	    0.95000;
	122	 2	 0.0	 0.0	 0.0	 0.0	 1	    1.00000	    0.00000	 230.0	 1	    1.05000	    0.95000;
	123	 2	 0.0	 0.0	 0.0	 0.0	 1	    1.00000	    0.00000	 230.0	 1	    1.05000	    0.95000;
	124	 1	 0.0	 0.0	 0.0	 0.0	 1	    1.00000	    0.00000	 230.0	 1	    1.05000	    0.95000;
	201	 2	 207.36	 22.00	 0.0	 0.0	 2	    1.00000	    0.00000	 138.0	 2	    1.05000	    0.95000;
	202	 2	 186.24	 20.00	 0.0	 0.0	 2	    1.00000	    0.00000	 138.0	 2	    1.05000	    0.95000;
	203	 1	 345.60	 37.00	 0.0	 0.0	 2	    1.00000	    0.00000	 138.0	 2	    1.05000	    0.95000;
	204	 1	 142.08	 15.00	 0.0	 0.0	 2	    1.00000	    0.00000	 138.0	 2	    1.05000	    0.95000;
	205	 1	 136.32	 14.00	 0.0	 0.0	 2	    1.00000	    0.00000	 138.0	 2	    1.05000	    0.95000;
	206	 1	 261.12	 28.00	 0.0	 -100.0	 2	    1.00000	    0.00000	 138.0	 2	    1.05000	    0.95000;
	207	 2	 240.00	 25.00	 0.0	 0.0	 2	    1.00000	    0.00000	 138.0	 2	    1.05000	    0.95000;
	208	 1	 328.32	 35.00	 0.0	 0.0	 2	    1.00000	    0.00000	 138.0	 2	    1.05000	    0.95000;
	209	 1	 336.00	 36.00	 0.0	 0.0	 2	    1.00000	    0.00000	 138.0	 2	    1.05000	    0.95000;
	210	 1	 374.40	 40.00	 0.0	 0.0	 2	    1.00000	    0.00000	 138.0	 2	    1.05000	    0.95000;
	211	 1	 0.0	 0.0	 0.0	 0.0	 2	    1.00000	    0.00000	 230.0	 2	    1.05000	    0.95000;
	212	 1	 0.0	 0.0	 0.0	 0.0	 2	    1.00000	    0.00000	 230.0	 2	    1.05000	    0.95000;
	213	 2	 508.81	 54.00	 0.0	 0.0	 2	    1.00000	    0.00000	 230.0	 2	    1.05000	    0.95000;
	214	 2	 372.48	 39.00	 0.0	 0.0	 2	    1.00000	    0.00000	 230.0	 2	    1.05000	    0.95000;
	215	 2	 608.65	 64.00	 0.0	 0.0	 2	    1.00000	    0.00000	 230.0	 2	    1.05000	    0.95000;
	216	 2	 192.00	 20.00	 0.0	 0.0	 2	    1.00000	    0.00000	 230.0	 2	    1.05000	    0.95000;
	217	 1	 0.0	 0.0	 0.0	 0.0	 2	    1.00000	    0.00000	 230.0	 2	    1.05000	    0.95000;
	218	 2	 639.37	 68.00	 0.0	 0.0	 2	    1.00000	    0.00000	 230.0	 2	    1.05000	    0.95000;
	219	 1	 347.52	 37.00	 0.0	 0.0	 2	    1.00000	    0.00000	 230.0	 2	    1.05000	    0.95000;
	220	 1	 245.76	 26.00	 0.0	 0.0	 2	    1.00000	    0.00000	 230.0	 2	    1.05000	    0.95000;
	221	 2	 0.0	 0.0	 0.0	 0.0	 2	    1.00000	    0.00000	 230.0	 2	    1.05000	    0.95000;
	222	 2	 0.0	 0.0	 0.0	 0.0	 2	    1.00000	    0.00000	 230.0	 2	    1.05000	    0.95000;
	223	 2	 0.0	 0.0	 0.0	 0.0	 2	    1.00000	    0.00000	 230.0	 2	    1.05000	    0.95000;
	224	 1	 0.0	 0.0	 0.0	 0.0	 2	    1.00000	    0.00000	 230.0	 2	    1.05000	    0.95000;
	301	 2	 207.36	 22.00	 0.0	 0.0	 3	    1.00000	    0.00000	 138.0	 3	    1.05000	    0.95000;
	302	 2	 186.24	 20.00	 0.0	 0.0	 3	    1.00000	    0.00000	 138.0	 3	    1.05000	    0.95000;
	303	 1	 345.60	 37.00	 0.0	 0.0	 3	    1.00000	    0.00000	 138.0	 3	    1.05000	    0.95000;
	304	 1	 142.08	 15.00	 0.0	 0.0	 3	    1.00000	    0.00000	 138.0	 3	    1.05000	    0.95000;
	305	 1	 136.32	 14.00	 0.0	 0.0	 3	    1.00000	    0.00000	 138.0	 3	    1.05000	    0.95000;
	306	 1	 261.12	 28.00	 0.0	 -100.0	 3	    1.00000	    0.00000	 138.0	 3	    1.05000	    0.95000;
	307	 2	 240.00	 25.00	 0.0	 0.0	 3	    1.00000	    0.00000	 138.0	 3	    1.05000	    0.95000;
	308	 1	 328.32	 35.00	 0.0	 0.0	 3	    1.00000	    0.00000	 138.0	 3	    1.05000	    0.95000;
	309	 1	 336.00	 36.00	 0.0	 0.0	 3	    1.00000	    0.00000	 138.0	 3	    1.05000	    0.95000;
	310	 1	 374.40	 40.00	 0.0	 0.0	 3	    1.00000	    0.00000	 138.0	 3	    1.05000	    0.95000;
	311	 1	 0.0	 0.0	 0.0	 0.0	 3	    1.00000	    0.00000	 230.0	 3	    1.05000	    0.95000;
	312	 1	 0.0	 0.0	 0.0	 0.0	 3	    1.00000	    0.00000	 230.0	 3	    1.05000	    0.95000;
	313	 2	 508.81	 54.00	 0.0	 0.0	 3	    1.00000	    0.00000	 230.0	 3	    1.05000	    0.95000;
	314	 2	 372.48	 39.00	 0.0	 0.0	 3	    1.00000	    0.00000	 230.0	 3	    1.05000	    0.95000;
	315	 2	 608.65	 64.00	 0.0	 0.0	 3	    1.00000	    0.00000	 230.0	 3	    1.05000	    0.95000;
	316	 2	 192.00	 20.00	 0.0	 0.0	 3	    1.00000	    0.00000	 230.0	 3	    1.05000	    0.95000;
	317	 1	 0.0	 0.0	 0.0	 0.0	 3	    1.00000	    0.00000	 230.0	 3	    1.05000	    0.95000;
	318	 2	 639.37	 68.00	 0.0	 0.0	 3	    1.00000	    0.00000	 230.0	 3	    1.05000	    0.95000;
	319	 1	 347.52	 37.00	 0.0	 0.0	 3	    1.00000	    0.00000	 230.0	 3	    1.05000	    0.95000;
	320	 1	 245.76	 26.00	 0.0	 0.0	 3	    1.00000	    0.00000	 230.0	 3	    1.05000	    0.95000;
	321	 2	 0.0	 0.0	 0.0	 0.0	 3	    1.00000	    0.00000	 230.0	 3	    1.05000	    0.95000;
	322	 2	 0.0	 0.0	 0.0	 0.0	 3	    1.00000	    0.00000	 230.0	 3	    1.05000	    0.95000;
	323	 2	 0.0	 0.0	 0.0	 0.0	 3	    1.00000	    0.00000	 230.0	 3	    1.05000	    0.95000;
	324	 1	 0.0	 0.0	 0.0	 0.0	 3	    1.00000	    0.00000	 230.0	 3	    1.05000	    0.95000;
	325	 1	 0.0	 0.0	 0.0	 0.0	 3	    1.00000	    0.00000	 230.0	 3	    1.05000	    0.95000;
];

%% generator data
%	bus	Pg	Qg	Qmax	Qmin	Vg	mBase	status	Pmax	Pmin
