%%%%%%%%%%%%%%%%%%%%%%%%%%%%%%%%%%%%%%%%%%%%%%%%%%%%%%%%%%%%%%%%%%%%%%%%%%%
%%%%                                                                  %%%%%
%%%%    IEEE PES Power Grid Library - Optimal Power Flow - v20.07     %%%%%
%%%%          (https://github.com/power-grid-lib/pglib-opf)           %%%%%
%%%%             Benchmark Group - Active Power Increase              %%%%%
%%%%                         12 - July - 2020                         %%%%%
%%%%                                                                  %%%%%
%%%%%%%%%%%%%%%%%%%%%%%%%%%%%%%%%%%%%%%%%%%%%%%%%%%%%%%%%%%%%%%%%%%%%%%%%%%
function mpc = pglib_opf_case89_pegase__api
mpc.version = '2';
mpc.baseMVA = 100.0;

%% bus data
%	bus_i	type	Pd	Qd	Gs	Bs	area	Vm	Va	baseKV	zone	Vmax	Vmin
mpc.bus = [
	89	 1	 0.0	 0.0	 0.199111	 4.530599	 0	    1.00000	    0.00000	 380.0	 2	    1.10000	    0.90000;
	228	 1	 -23.43	 57.40	 0.0	 0.0	 0	    1.00000	    0.00000	 150.0	 2	    1.10000	    0.90000;
	271	 1	 114.89	 26.80	 0.0	 0.0	 0	    1.00000	    0.00000	 150.0	 2	    1.10000	    0.90000;
	317	 1	 -0.0	 -0.0	 0.045946	 -1.82203	 0	    1.00000	    0.00000	 380.0	 2	    1.10000	    0.90000;
	659	 1	 -0.0	 -0.0	 0.174507	 73.977052	 0	    1.00000	    0.00000	 380.0	 2	    1.10000	    0.90000;
	792	 1	 350.86	 41.90	 0.0	 0.0	 0	    1.00000	    0.00000	 150.0	 2	    1.10000	    0.90000;
	913	 3	 0.0	 0.0	 0.0	 0.0	 0	    1.00000	    0.00000	 380.0	 2	    1.10000	    0.90000;
	955	 1	 290.15	 152.70	 0.0	 0.0	 0	    1.00000	    0.00000	 150.0	 2	    1.10000	    0.90000;
	1037	 1	 -0.0	 0.0	 0.0	 0.55	 0	    1.00000	    0.00000	 380.0	 2	    1.10000	    0.90000;
	1163	 1	 -0.0	 -0.0	 0.0	 16.04	 0	    1.00000	    0.00000	 380.0	 2	    1.10000	    0.90000;
	1317	 1	 149.30	 -2.00	 0.0	 20.77	 0	    1.00000	    0.00000	 380.0	 2	    1.10000	    0.90000;
	1367	 1	 0.0	 -0.0	 0.175687	 -1.509401	 0	    1.00000	    0.00000	 380.0	 2	    1.10000	    0.90000;
	1445	 1	 283.26	 210.90	 0.0	 0.0	 0	    1.00000	    0.00000	 220.0	 2	    1.10000	    0.90000;
	1531	 1	 -0.0	 0.0	 0.0	 0.0	 0	    1.00000	    0.00000	 150.0	 2	    1.10000	    0.90000;
	1579	 1	 -0.0	 0.0	 0.0	 16.56	 0	    1.00000	    0.00000	 380.0	 2	    1.10000	    0.90000;
	1611	 1	 325.67	 166.50	 0.0	 0.56	 0	    1.00000	    0.00000	 150.0	 2	    1.10000	    0.90000;
	1616	 1	 0.0	 0.0	 0.0	 14.45	 0	    1.00000	    0.00000	 380.0	 2	    1.10000	    0.90000;
	1676	 1	 -0.0	 0.0	 0.171586	 -1.4632	 0	    1.00000	    0.00000	 380.0	 2	    1.10000	    0.90000;
	1815	 1	 75.64	 9.70	 0.0	 0.0	 0	    1.00000	    0.00000	 220.0	 2	    1.10000	    0.90000;
	1968	 1	 140.68	 137.00	 0.0	 0.0	 0	    1.00000	    0.00000	 150.0	 2	    1.10000	    0.90000;
	2107	 2	 0.0	 0.0	 0.0	 0.0	 0	    1.00000	    0.00000	 380.0	 2	    1.10000	    0.90000;
	2154	 1	 -357.45	 33.05	 0.29	 -5.6	 0	    1.00000	    0.00000	 380.0	 2	    1.10000	    0.90000;
	2168	 1	 8.60	 -1.48	 0.0	 0.0	 0	    1.00000	    0.00000	 150.0	 2	    1.10000	    0.90000;
	2267	 2	 0.0	 0.0	 0.0	 0.0	 0	    1.00000	    0.00000	 380.0	 2	    1.10000	    0.90000;
	2268	 1	 0.0	 -0.0	 0.183167	 22.675025	 0	    1.00000	    0.00000	 380.0	 2	    1.10000	    0.90000;
	2299	 1	 477.76	 110.20	 0.0	 0.0	 0	    1.00000	    0.00000	 150.0	 2	    1.10000	    0.90000;
	2441	 1	 0.0	 -0.0	 0.242534	 1.143584	 0	    1.00000	    0.00000	 380.0	 2	    1.10000	    0.90000;
	2449	 1	 301.90	 -103.20	 0.0	 0.0	 0	    1.00000	    0.00000	 150.0	 2	    1.10000	    0.90000;
	2520	 1	 -0.0	 -0.0	 0.057433	 3.80797	 0	    1.00000	    0.00000	 380.0	 2	    1.10000	    0.90000;
	2870	 1	 -0.0	 0.0	 0.0	 0.62	 0	    1.00000	    0.00000	 380.0	 2	    1.10000	    0.90000;
	2908	 1	 242.15	 61.00	 0.0	 0.6	 0	    1.00000	    0.00000	 150.0	 2	    1.10000	    0.90000;
	3097	 1	 430.00	 3.66	 0.0	 9.39	 0	    1.00000	    0.00000	 380.0	 2	    1.10000	    0.90000;
	3242	 1	 351.81	 82.30	 0.0	 0.0	 0	    1.00000	    0.00000	 150.0	 2	    1.10000	    0.90000;
	3279	 1	 0.0	 0.0	 0.0	 0.0	 0	    1.00000	    0.00000	 150.0	 2	    1.10000	    0.90000;
	3493	 1	 268.88	 61.10	 0.0	 0.0	 0	    1.00000	    0.00000	 150.0	 2	    1.10000	    0.90000;
	3506	 1	 0.0	 0.0	 0.0	 0.6	 0	    1.00000	    0.00000	 150.0	 2	    1.10000	    0.90000;
	3659	 2	 0.0	 0.0	 0.0	 0.0	 0	    1.00000	    0.00000	 380.0	 2	    1.10000	    0.90000;
	4014	 1	 0.0	 0.0	 0.0	 0.0	 0	    1.00000	    0.00000	 150.0	 2	    1.10000	    0.90000;
	4423	 1	 -0.0	 -0.0	 0.0	 0.33	 0	    1.00000	    0.00000	 150.0	 2	    1.10000	    0.90000;
	4427	 1	 352.64	 77.70	 0.0	 0.0	 0	    1.00000	    0.00000	 150.0	 2	    1.10000	    0.90000;
	4495	 1	 399.58	 104.40	 0.0	 0.0	 0	    1.00000	    0.00000	 150.0	 2	    1.10000	    0.90000;
	4586	 2	 0.0	 0.0	 0.0	 0.0	 0	    1.00000	    0.00000	 150.0	 2	    1.10000	    0.90000;
	4665	 1	 463.97	 62.50	 0.0	 0.0	 0	    1.00000	    0.00000	 150.0	 2	    1.10000	    0.90000;
	4929	 1	 43.96	 8.70	 0.070441	 50.913893	 0	    1.00000	    0.00000	 380.0	 2	    1.10000	    0.90000;
	5097	 2	 0.0	 0.0	 0.0	 0.0	 0	    1.00000	    0.00000	 150.0	 2	    1.10000	    0.90000;
	5155	 1	 488.69	 168.00	 0.0	 0.0	 0	    1.00000	    0.00000	 150.0	 2	    1.10000	    0.90000;
	5210	 1	 413.01	 74.37	 0.0	 0.0	 0	    1.00000	    0.00000	 220.0	 2	    1.10000	    0.90000;
	5416	 1	 0.0	 0.0	 0.0	 25.13	 0	    1.00000	    0.00000	 380.0	 2	    1.10000	    0.90000;
	5509	 1	 0.0	 0.0	 0.314057	 17.296509	 0	    1.00000	    0.00000	 380.0	 2	    1.10000	    0.90000;
	5587	 1	 -0.0	 -0.0	 0.0	 0.33	 0	    1.00000	    0.00000	 150.0	 2	    1.10000	    0.90000;
	5762	 1	 0.0	 0.0	 0.0	 2.23	 0	    1.00000	    0.00000	 380.0	 2	    1.10000	    0.90000;
	5776	 1	 264.60	 80.50	 0.0	 0.0	 0	    1.00000	    0.00000	 150.0	 2	    1.10000	    0.90000;
	5848	 1	 0.0	 -0.0	 0.29	 -0.42	 0	    1.00000	    0.00000	 380.0	 2	    1.10000	    0.90000;
	5996	 1	 -0.0	 -0.0	 0.164188	 4.023827	 0	    1.00000	    0.00000	 380.0	 2	    1.10000	    0.90000;
	6069	 1	 -456.66	 -131.97	 0.285753	 35.371068	 0	    1.00000	    0.00000	 380.0	 2	    1.10000	    0.90000;
	6233	 2	 0.0	 0.0	 0.0	 0.0	 0	    1.00000	    0.00000	 380.0	 2	    1.10000	    0.90000;
	6293	 1	 -0.0	 0.0	 0.0	 33.66	 0	    1.00000	    0.00000	 380.0	 2	    1.10000	    0.90000;
	6542	 1	 355.98	 -147.98	 0.0	 0.0	 0	    1.00000	    0.00000	 220.0	 2	    1.10000	    0.90000;
	6704	 1	 -0.0	 -0.0	 0.211099	 0.672832	 0	    1.00000	    0.00000	 380.0	 2	    1.10000	    0.90000;
	6798	 2	 0.0	 0.0	 0.0	 0.0	 0	    1.00000	    0.00000	 380.0	 2	    1.10000	    0.90000;
	6826	 1	 326.90	 -82.30	 0.0	 0.0	 0	    1.00000	    0.00000	 150.0	 2	    1.10000	    0.90000;
	6833	 1	 0.0	 0.0	 0.246363	 4.841277	 0	    1.00000	    0.00000	 380.0	 2	    1.10000	    0.90000;
	7051	 1	 0.0	 0.0	 0.0	 21.19	 0	    1.00000	    0.00000	 380.0	 2	    1.10000	    0.90000;
	7180	 1	 -0.0	 0.0	 0.234234	 4.220723	 0	    1.00000	    0.00000	 380.0	 2	    1.10000	    0.90000;
	7279	 2	 0.0	 0.0	 0.0	 0.0	 0	    1.00000	    0.00000	 150.0	 2	    1.10000	    0.90000;
	7526	 1	 -179.73	 -63.08	 0.0	 0.0	 0	    1.00000	    0.00000	 380.0	 2	    1.10000	    0.90000;
	7563	 1	 531.70	 -12.80	 0.0	 0.0	 0	    1.00000	    0.00000	 150.0	 2	    1.10000	    0.90000;
	7637	 1	 0.0	 0.0	 0.29	 6.18	 0	    1.00000	    0.00000	 380.0	 2	    1.10000	    0.90000;
	7762	 1	 -0.0	 0.0	 0.304243	 48.453399	 0	    1.00000	    0.00000	 380.0	 2	    1.10000	    0.90000;
	7829	 1	 -114.36	 30.04	 0.0	 0.0	 0	    1.00000	    0.00000	 220.0	 2	    1.10000	    0.90000;
	7960	 2	 0.0	 0.0	 0.0	 0.0	 0	    1.00000	    0.00000	 380.0	 2	    1.10000	    0.90000;
	8103	 1	 39.34	 -10.70	 0.0	 0.0	 0	    1.00000	    0.00000	 150.0	 2	    1.10000	    0.90000;
	8179	 1	 -0.0	 0.0	 0.194464	 19.1468	 0	    1.00000	    0.00000	 380.0	 2	    1.10000	    0.90000;
	8181	 1	 0.0	 -0.0	 0.210824	 6.620599	 0	    1.00000	    0.00000	 380.0	 2	    1.10000	    0.90000;
