%%%%%%%%%%%%%%%%%%%%%%%%%%%%%%%%%%%%%%%%%%%%%%%%%%%%%%%%%%%%%%%%%%%%%%%%%%%
%%%%                                                                  %%%%%
%%%%    IEEE PES Power Grid Library - Optimal Power Flow - v17.07     %%%%%
%%%%          (https://github.com/power-grid-lib/pglib-opf)           %%%%%
%%%%             Benchmark Group - Active Power Increase              %%%%%
%%%%                         27 - June - 2017                         %%%%%
%%%%                                                                  %%%%%
%%%%%%%%%%%%%%%%%%%%%%%%%%%%%%%%%%%%%%%%%%%%%%%%%%%%%%%%%%%%%%%%%%%%%%%%%%%
function mpc = pglib_opf_case89_pegase__api
mpc.version = '2';
mpc.baseMVA = 100.0;

%% bus data
%	bus_i	type	Pd	Qd	Gs	Bs	area	Vm	Va	baseKV	zone	Vmax	Vmin
mpc.bus = [
	89	 1	 0.00	 0.00	 0.199111	 4.530599	 0	    1.01286	   -7.14117	 380.0	 2	    1.10000	    0.90000;
	228	 1	 -23.43	 57.40	 0.0	 0.0	 0	    1.04360	  -12.09785	 150.0	 2	    1.10000	    0.90000;
	271	 1	 114.96	 26.80	 0.0	 0.0	 0	    1.03505	  -11.74562	 150.0	 2	    1.10000	    0.90000;
	317	 1	 -0.00	 -0.00	 0.045946	 -1.82203	 0	    1.03747	  -10.64226	 380.0	 2	    1.10000	    0.90000;
	659	 1	 -0.00	 -0.00	 0.174507	 73.977052	 0	    1.04702	  -10.66185	 380.0	 2	    1.10000	    0.90000;
	792	 1	 351.07	 41.90	 0.0	 0.0	 0	    1.02391	  -16.53344	 150.0	 2	    1.10000	    0.90000;
	913	 3	 0.00	 0.00	 0.0	 0.0	 0	    1.05555	    0.00000	 380.0	 2	    1.10000	    0.90000;
	955	 1	 290.32	 152.70	 0.0	 0.0	 0	    1.02526	  -14.28646	 150.0	 2	    1.10000	    0.90000;
	1037	 1	 -0.00	 0.00	 0.0	 0.55	 0	    1.04899	  -11.77997	 380.0	 2	    1.10000	    0.90000;
	1163	 1	 -0.00	 -0.00	 0.0	 16.04	 0	    1.02174	   -9.95015	 380.0	 2	    1.10000	    0.90000;
	1317	 1	 149.30	 -2.00	 0.0	 20.77	 0	    1.05484	  -10.68794	 380.0	 2	    1.10000	    0.90000;
	1367	 1	 0.00	 -0.00	 0.175687	 -1.509401	 0	    1.06397	   -9.98095	 380.0	 2	    1.10000	    0.90000;
	1445	 1	 283.42	 210.90	 0.0	 0.0	 0	    1.03345	  -15.67868	 220.0	 2	    1.10000	    0.90000;
	1531	 1	 -0.00	 0.00	 0.0	 0.0	 0	    0.98269	  -13.96661	 150.0	 2	    1.10000	    0.90000;
	1579	 1	 -0.00	 0.00	 0.0	 16.56	 0	    1.00095	   -6.07436	 380.0	 2	    1.10000	    0.90000;
	1611	 1	 325.87	 166.50	 0.0	 0.56	 0	    0.99235	  -10.12328	 150.0	 2	    1.10000	    0.90000;
	1616	 1	 0.00	 0.00	 0.0	 14.45	 0	    1.02150	   -6.17216	 380.0	 2	    1.10000	    0.90000;
	1676	 1	 -0.00	 0.00	 0.171586	 -1.4632	 0	    1.02127	   -9.96735	 380.0	 2	    1.10000	    0.90000;
	1815	 1	 75.68	 9.70	 0.0	 0.0	 0	    1.05342	  -16.23753	 220.0	 2	    1.10000	    0.90000;
	1968	 1	 140.76	 137.00	 0.0	 0.0	 0	    1.04951	  -15.01250	 150.0	 2	    1.10000	    0.90000;
	2107	 2	 0.00	 0.00	 0.0	 0.0	 0	    1.09727	   -1.27246	 380.0	 2	    1.10000	    0.90000;
	2154	 1	 -357.45	 33.05	 0.29	 -5.6	 0	    1.06806	    1.14345	 380.0	 2	    1.10000	    0.90000;
	2168	 1	 8.60	 -1.48	 0.0	 0.0	 0	    1.04160	  -16.95476	 150.0	 2	    1.10000	    0.90000;
	2267	 2	 0.00	 0.00	 0.0	 0.0	 0	    1.07012	   -5.76683	 380.0	 2	    1.10000	    0.90000;
	2268	 1	 0.00	 -0.00	 0.183167	 22.675025	 0	    1.01267	   -6.73244	 380.0	 2	    1.10000	    0.90000;
	2299	 1	 478.04	 110.20	 0.0	 0.0	 0	    1.03419	  -14.26790	 150.0	 2	    1.10000	    0.90000;
	2441	 1	 0.00	 -0.00	 0.242534	 1.143584	 0	    1.02454	   -6.94093	 380.0	 2	    1.10000	    0.90000;
	2449	 1	 301.90	 -103.20	 0.0	 0.0	 0	    1.07193	  -16.26338	 150.0	 2	    1.10000	    0.90000;
	2520	 1	 -0.00	 -0.00	 0.057433	 3.80797	 0	    1.01251	   -7.07241	 380.0	 2	    1.10000	    0.90000;
	2870	 1	 -0.00	 0.00	 0.0	 0.62	 0	    1.04899	  -11.77997	 380.0	 2	    1.10000	    0.90000;
	2908	 1	 242.29	 61.00	 0.0	 0.6	 0	    1.03219	  -13.17473	 150.0	 2	    1.10000	    0.90000;
	3097	 1	 430.26	 3.66	 0.0	 9.39	 0	    1.04391	  -12.70599	 380.0	 2	    1.10000	    0.90000;
	3242	 1	 352.02	 82.30	 0.0	 0.0	 0	    0.92581	   -9.32707	 150.0	 2	    1.10000	    0.90000;
	3279	 1	 0.00	 0.00	 0.0	 0.0	 0	    1.02404	  -16.50572	 150.0	 2	    1.10000	    0.90000;
	3493	 1	 269.04	 61.10	 0.0	 0.0	 0	    1.03463	  -13.54727	 150.0	 2	    1.10000	    0.90000;
	3506	 1	 0.00	 0.00	 0.0	 0.6	 0	    1.02546	  -14.24473	 150.0	 2	    1.10000	    0.90000;
	3659	 2	 0.00	 0.00	 0.0	 0.0	 0	    1.05239	    0.54849	 380.0	 2	    1.10000	    0.90000;
	4014	 1	 0.00	 0.00	 0.0	 0.0	 0	    0.95161	   -7.82442	 150.0	 2	    1.10000	    0.90000;
	4423	 1	 -0.00	 -0.00	 0.0	 0.33	 0	    1.03412	  -14.25238	 150.0	 2	    1.10000	    0.90000;
	4427	 1	 352.85	 77.70	 0.0	 0.0	 0	    1.03362	  -13.49396	 150.0	 2	    1.10000	    0.90000;
	4495	 1	 399.81	 104.40	 0.0	 0.0	 0	    1.03340	  -14.62974	 150.0	 2	    1.10000	    0.90000;
	4586	 2	 0.00	 0.00	 0.0	 0.0	 0	    1.03185	  -12.78209	 150.0	 2	    1.10000	    0.90000;
	4665	 1	 464.25	 62.50	 0.0	 0.0	 0	    1.02894	  -15.02205	 150.0	 2	    1.10000	    0.90000;
	4929	 1	 43.99	 8.70	 0.070441	 50.913893	 0	    1.04898	  -11.77996	 380.0	 2	    1.10000	    0.90000;
	5097	 2	 0.00	 0.00	 0.0	 0.0	 0	    0.92485	   -9.32806	 150.0	 2	    1.10000	    0.90000;
	5155	 1	 488.98	 168.00	 0.0	 0.0	 0	    1.02625	  -13.17843	 150.0	 2	    1.10000	    0.90000;
	5210	 1	 413.26	 74.37	 0.0	 0.0	 0	    1.03818	  -15.22040	 220.0	 2	    1.10000	    0.90000;
	5416	 1	 0.00	 0.00	 0.0	 25.13	 0	    1.06392	   -5.47789	 380.0	 2	    1.10000	    0.90000;
	5509	 1	 0.00	 0.00	 0.314057	 17.296509	 0	    0.99283	   -6.96159	 380.0	 2	    1.10000	    0.90000;
	5587	 1	 -0.00	 -0.00	 0.0	 0.33	 0	    1.03475	  -13.50991	 150.0	 2	    1.10000	    0.90000;
	5762	 1	 0.00	 0.00	 0.0	 2.23	 0	    1.07197	   -0.47518	 380.0	 2	    1.10000	    0.90000;
	5776	 1	 264.76	 80.50	 0.0	 0.0	 0	    1.09453	  -15.83916	 150.0	 2	    1.10000	    0.90000;
	5848	 1	 0.00	 -0.00	 0.29	 -0.42	 0	    1.00379	   -5.71752	 380.0	 2	    1.10000	    0.90000;
	5996	 1	 -0.00	 -0.00	 0.164188	 4.023827	 0	    1.07192	   -0.47495	 380.0	 2	    1.10000	    0.90000;
	6069	 1	 -456.66	 -131.97	 0.285753	 35.371068	 0	    1.00165	   -8.69111	 380.0	 2	    1.10000	    0.90000;
	6233	 2	 0.00	 0.00	 0.0	 0.0	 0	    1.03774	  -10.61516	 380.0	 2	    1.10000	    0.90000;
	6293	 1	 -0.00	 0.00	 0.0	 33.66	 0	    1.02887	   -6.49460	 380.0	 2	    1.10000	    0.90000;
	6542	 1	 355.98	 -147.98	 0.0	 0.0	 0	    1.06606	  -18.57539	 220.0	 2	    1.10000	    0.90000;
	6704	 1	 -0.00	 -0.00	 0.211099	 0.672832	 0	    1.02592	   -8.79610	 380.0	 2	    1.10000	    0.90000;
	6798	 2	 0.00	 0.00	 0.0	 0.0	 0	    1.05143	  -10.61417	 380.0	 2	    1.10000	    0.90000;
	6826	 1	 326.90	 -82.30	 0.0	 0.0	 0	    1.10000	  -15.80527	 150.0	 2	    1.10000	    0.90000;
	6833	 1	 0.00	 0.00	 0.246363	 4.841277	 0	    0.99196	   -9.56520	 380.0	 2	    1.10000	    0.90000;
	7051	 1	 0.00	 0.00	 0.0	 21.19	 0	    1.02529	  -10.43966	 380.0	 2	    1.10000	    0.90000;
	7180	 1	 -0.00	 0.00	 0.234234	 4.220723	 0	    0.99464	   -9.66835	 380.0	 2	    1.10000	    0.90000;
	7279	 2	 0.00	 0.00	 0.0	 0.0	 0	    0.95161	   -7.82442	 150.0	 2	    1.10000	    0.90000;
	7526	 1	 -179.73	 -63.08	 0.0	 0.0	 0	    1.00982	   -4.92093	 380.0	 2	    1.10000	    0.90000;
	7563	 1	 531.70	 -12.80	 0.0	 0.0	 0	    0.99286	  -13.08481	 150.0	 2	    1.10000	    0.90000;
	7637	 1	 0.00	 0.00	 0.29	 6.18	 0	    1.06268	    0.38454	 380.0	 2	    1.10000	    0.90000;
	7762	 1	 -0.00	 0.00	 0.304243	 48.453399	 0	    1.03016	   -4.37444	 380.0	 2	    1.10000	    0.90000;
	7829	 1	 -114.36	 30.04	 0.0	 0.0	 0	    1.08434	  -12.95598	 220.0	 2	    1.10000	    0.90000;
	7960	 2	 0.00	 0.00	 0.0	 0.0	 0	    1.05107	  -10.64989	 380.0	 2	    1.10000	    0.90000;
	8103	 1	 39.34	 -10.70	 0.0	 0.0	 0	    1.01603	  -11.73299	 150.0	 2	    1.10000	    0.90000;
	8179	 1	 -0.00	 0.00	 0.194464	 19.1468	 0	    1.00614	   -5.67470	 380.0	 2	    1.10000	    0.90000;
	8181	 1	 0.00	 -0.00	 0.210824	 6.620599	 0	    1.01204	   -5.49781	 380.0	 2	    1.10000	    0.90000;
