%%%%%%%%%%%%%%%%%%%%%%%%%%%%%%%%%%%%%%%%%%%%%%%%%%%%%%%%%%%%%%%%%%%%%%%%%%%
%%%%                                                                  %%%%%
%%%%    IEEE PES Power Grid Library - Optimal Power Flow - v21.07     %%%%%
%%%%          (https://github.com/power-grid-lib/pglib-opf)           %%%%%
%%%%             Benchmark Group - Active Power Increase              %%%%%
%%%%                         29 - July - 2021                         %%%%%
%%%%                                                                  %%%%%
%%%%%%%%%%%%%%%%%%%%%%%%%%%%%%%%%%%%%%%%%%%%%%%%%%%%%%%%%%%%%%%%%%%%%%%%%%%
function mpc = pglib_opf_case162_ieee_dtc__api
mpc.version = '2';
mpc.baseMVA = 100.0;

%% bus data
%	bus_i	type	Pd	Qd	Gs	Bs	area	Vm	Va	baseKV	zone	Vmax	Vmin
mpc.bus = [
	1	 1	 0.0	 0.0	 0.0	 -100.0	 1	    1.00000	    0.00000	 345.0	 9	    1.06000	    0.94000;
	2	 1	 0.0	 0.0	 0.0	 0.0	 1	    1.00000	    0.00000	 345.0	 9	    1.06000	    0.94000;
	3	 1	 406.37	 96.90	 0.0	 0.0	 1	    1.00000	    0.00000	 161.0	 12	    1.06000	    0.94000;
	4	 1	 0.0	 0.0	 0.0	 0.0	 1	    1.00000	    0.00000	 345.0	 3	    1.06000	    0.94000;
	5	 1	 0.0	 0.0	 0.0	 -50.0	 1	    1.00000	    0.00000	 345.0	 8	    1.06000	    0.94000;
	6	 2	 0.0	 0.0	 0.0	 0.0	 1	    1.00000	    0.00000	 22.0	 9	    1.06000	    0.94000;
	7	 1	 0.0	 0.0	 0.0	 0.0	 1	    1.00000	    0.00000	 345.0	 9	    1.06000	    0.94000;
	8	 1	 398.00	 0.00	 0.0	 0.0	 1	    1.00000	    0.00000	 115.0	 12	    1.06000	    0.94000;
	9	 1	 0.0	 0.0	 0.0	 0.0	 1	    1.00000	    0.00000	 345.0	 8	    1.06000	    0.94000;
	10	 1	 226.00	 0.00	 0.0	 0.0	 1	    1.00000	    0.00000	 230.0	 12	    1.06000	    0.94000;
	11	 1	 0.0	 0.0	 0.0	 0.0	 1	    1.00000	    0.00000	 230.0	 10	    1.06000	    0.94000;
	12	 1	 193.00	 0.00	 0.0	 0.0	 1	    1.00000	    0.00000	 115.0	 12	    1.06000	    0.94000;
	13	 1	 204.00	 0.00	 0.0	 0.0	 1	    1.00000	    0.00000	 345.0	 12	    1.06000	    0.94000;
	14	 1	 381.00	 0.00	 0.0	 0.0	 1	    1.00000	    0.00000	 161.0	 12	    1.06000	    0.94000;
	15	 1	 -80.00	 0.00	 0.0	 0.0	 1	    1.00000	    0.00000	 230.0	 12	    1.06000	    0.94000;
	16	 1	 -54.20	 0.00	 0.0	 0.0	 1	    1.00000	    0.00000	 161.0	 12	    1.06000	    0.94000;
	17	 1	 -116.50	 0.00	 0.0	 0.0	 1	    1.00000	    0.00000	 161.0	 12	    1.06000	    0.94000;
	18	 1	 37.78	 11.67	 0.0	 0.0	 1	    1.00000	    0.00000	 161.0	 6	    1.06000	    0.94000;
	19	 1	 64.40	 0.00	 0.0	 0.0	 1	    1.00000	    0.00000	 161.0	 12	    1.06000	    0.94000;
	20	 1	 41.63	 12.50	 0.0	 0.0	 1	    1.00000	    0.00000	 69.0	 10	    1.06000	    0.94000;
	21	 1	 -69.80	 0.00	 0.0	 0.0	 1	    1.00000	    0.00000	 161.0	 12	    1.06000	    0.94000;
	22	 1	 19.10	 5.27	 0.0	 0.0	 1	    1.00000	    0.00000	 161.0	 6	    1.06000	    0.94000;
	23	 1	 63.50	 0.00	 0.0	 0.0	 1	    1.00000	    0.00000	 161.0	 12	    1.06000	    0.94000;
	24	 1	 0.0	 0.0	 0.0	 0.0	 1	    1.00000	    0.00000	 161.0	 6	    1.06000	    0.94000;
	25	 1	 0.0	 0.0	 0.0	 -50.0	 1	    1.00000	    0.00000	 345.0	 6	    1.06000	    0.94000;
	26	 1	 0.0	 0.0	 0.0	 -50.0	 1	    1.00000	    0.00000	 345.0	 1	    1.06000	    0.94000;
	27	 1	 355.85	 57.90	 0.0	 0.0	 1	    1.00000	    0.00000	 345.0	 12	    1.06000	    0.94000;
	28	 1	 42.25	 13.17	 0.0	 0.0	 1	    1.00000	    0.00000	 161.0	 6	    1.06000	    0.94000;
	29	 1	 31.09	 9.03	 0.0	 0.0	 1	    1.00000	    0.00000	 161.0	 6	    1.06000	    0.94000;
	30	 1	 111.15	 32.52	 0.0	 15.0	 1	    1.00000	    0.00000	 161.0	 6	    1.06000	    0.94000;
	31	 1	 72.50	 0.00	 0.0	 0.0	 1	    1.00000	    0.00000	 161.0	 12	    1.06000	    0.94000;
	32	 1	 57.88	 15.06	 0.0	 20.0	 1	    1.00000	    0.00000	 161.0	 6	    1.06000	    0.94000;
	33	 1	 49.61	 15.06	 0.0	 20.0	 1	    1.00000	    0.00000	 161.0	 6	    1.06000	    0.94000;
	34	 1	 15.57	 5.25	 0.0	 3.2	 1	    1.00000	    0.00000	 161.0	 1	    1.06000	    0.94000;
	35	 1	 59.83	 14.63	 0.0	 5.0	 1	    1.00000	    0.00000	 161.0	 1	    1.06000	    0.94000;
	36	 1	 35.10	 8.68	 0.0	 3.0	 1	    1.00000	    0.00000	 161.0	 2	    1.06000	    0.94000;
	37	 1	 0.0	 0.0	 0.0	 0.0	 1	    1.00000	    0.00000	 345.0	 11	    1.06000	    0.94000;
	38	 1	 16.21	 4.08	 0.0	 1.5	 1	    1.00000	    0.00000	 161.0	 2	    1.06000	    0.94000;
	39	 1	 0.0	 0.0	 0.0	 0.0	 1	    1.00000	    0.00000	 345.0	 6	    1.06000	    0.94000;
	40	 1	 58.08	 17.60	 0.0	 0.0	 1	    1.00000	    0.00000	 161.0	 1	    1.06000	    0.94000;
	41	 1	 43.05	 12.80	 0.0	 0.0	 1	    1.00000	    0.00000	 161.0	 1	    1.06000	    0.94000;
	42	 1	 0.0	 0.0	 0.0	 0.0	 1	    1.00000	    0.00000	 345.0	 2	    1.06000	    0.94000;
	43	 1	 41.50	 0.00	 0.0	 0.0	 1	    1.00000	    0.00000	 161.0	 12	    1.06000	    0.94000;
	44	 1	 17.92	 3.71	 0.0	 0.0	 1	    1.00000	    0.00000	 161.0	 2	    1.06000	    0.94000;
	45	 1	 21.99	 5.41	 0.0	 1.9	 1	    1.00000	    0.00000	 161.0	 2	    1.06000	    0.94000;
	46	 1	 71.73	 22.30	 0.0	 26.2	 1	    1.00000	    0.00000	 161.0	 10	    1.06000	    0.94000;
	47	 1	 5.29	 1.56	 0.0	 0.0	 1	    1.00000	    0.00000	 161.0	 2	    1.06000	    0.94000;
	48	 1	 37.08	 22.86	 0.0	 0.0	 1	    1.00000	    0.00000	 161.0	 10	    1.06000	    0.94000;
	49	 1	 7.49	 1.78	 0.0	 0.0	 1	    1.00000	    0.00000	 161.0	 2	    1.06000	    0.94000;
	50	 1	 99.70	 0.00	 0.0	 0.0	 1	    1.00000	    0.00000	 161.0	 12	    1.06000	    0.94000;
	51	 1	 0.0	 0.0	 0.0	 0.0	 1	    1.00000	    0.00000	 161.0	 3	    1.06000	    0.94000;
	52	 1	 239.65	 42.80	 0.0	 0.0	 1	    1.00000	    0.00000	 161.0	 3	    1.06000	    0.94000;
	53	 1	 0.0	 0.0	 0.0	 0.0	 1	    1.00000	    0.00000	 161.0	 10	    1.06000	    0.94000;
	54	 1	 77.25	 29.57	 0.0	 0.0	 1	    1.00000	    0.00000	 161.0	 10	    1.06000	    0.94000;
	55	 1	 0.0	 0.0	 0.0	 0.0	 1	    1.00000	    0.00000	 161.0	 1	    1.06000	    0.94000;
	56	 1	 27.78	 7.26	 0.0	 3.2	 1	    1.00000	    0.00000	 161.0	 7	    1.06000	    0.94000;
	57	 1	 53.25	 15.61	 0.0	 0.0	 1	    1.00000	    0.00000	 161.0	 1	    1.06000	    0.94000;
	58	 1	 0.0	 0.0	 0.0	 0.0	 1	    1.00000	    0.00000	 230.0	 10	    1.06000	    0.94000;
	59	 1	 92.73	 27.05	 0.0	 0.0	 1	    1.00000	    0.00000	 230.0	 10	    1.06000	    0.94000;
	60	 1	 244.00	 0.00	 0.0	 0.0	 1	    1.00000	    0.00000	 115.0	 12	    1.06000	    0.94000;
	61	 1	 0.0	 0.0	 0.0	 0.0	 1	    1.00000	    0.00000	 230.0	 10	    1.06000	    0.94000;
	62	 1	 -865.60	 0.00	 0.0	 0.0	 1	    1.00000	    0.00000	 230.0	 12	    1.06000	    0.94000;
	63	 1	 59.10	 0.00	 0.0	 0.0	 1	    1.00000	    0.00000	 230.0	 12	    1.06000	    0.94000;
	64	 1	 0.0	 0.0	 0.0	 0.0	 1	    1.00000	    0.00000	 345.0	 10	    1.06000	    0.94000;
	65	 1	 -26.30	 0.00	 0.0	 0.0	 1	    1.00000	    0.00000	 345.0	 12	    1.06000	    0.94000;
	66	 1	 0.0	 0.0	 0.0	 -50.0	 1	    1.00000	    0.00000	 345.0	 10	    1.06000	    0.94000;
	67	 1	 24.76	 7.03	 0.0	 6.0	 1	    1.00000	    0.00000	 161.0	 7	    1.06000	    0.94000;
	68	 1	 44.39	 12.68	 0.0	 12.0	 1	    1.00000	    0.00000	 161.0	 7	    1.06000	    0.94000;
	69	 1	 0.0	 0.0	 0.0	 0.0	 1	    1.00000	    0.00000	 161.0	 1	    1.06000	    0.94000;
	70	 1	 0.0	 0.0	 0.0	 0.0	 1	    1.00000	    0.00000	 161.0	 1	    1.06000	    0.94000;
	71	 1	 32.81	 11.93	 0.0	 12.0	 1	    1.00000	    0.00000	 161.0	 1	    1.06000	    0.94000;
	72	 1	 427.00	 0.00	 0.0	 0.0	 1	    1.00000	    0.00000	 161.0	 12	    1.06000	    0.94000;
	73	 2	 0.0	 0.0	 0.0	 0.0	 1	    1.00000	    0.00000	 20.0	 1	    1.06000	    0.94000;
	74	 1	 0.0	 0.0	 0.0	 0.0	 1	    1.00000	    0.00000	 345.0	 5	    1.06000	    0.94000;
	75	 1	 0.0	 0.0	 0.0	 -50.0	 1	    1.00000	    0.00000	 345.0	 8	    1.06000	    0.94000;
	76	 2	 0.0	 0.0	 0.0	 0.0	 1	    1.00000	    0.00000	 24.0	 1	    1.06000	    0.94000;
	77	 1	 29.01	 8.78	 0.0	 4.7	 1	    1.00000	    0.00000	 161.0	 1	    1.06000	    0.94000;
	78	 1	 79.12	 0.00	 0.0	 0.0	 1	    1.00000	    0.00000	 161.0	 5	    1.06000	    0.94000;
