%%%%%%%%%%%%%%%%%%%%%%%%%%%%%%%%%%%%%%%%%%%%%%%%%%%%%%%%%%%%%%%%%%%%%%%%%%%
%%%%                                                                  %%%%%
%%%%    IEEE PES Power Grid Library - Optimal Power Flow - v21.07     %%%%%
%%%%          (https://github.com/power-grid-lib/pglib-opf)           %%%%%
%%%%             Benchmark Group - Active Power Increase              %%%%%
%%%%                         29 - July - 2021                         %%%%%
%%%%                                                                  %%%%%
%%%%%%%%%%%%%%%%%%%%%%%%%%%%%%%%%%%%%%%%%%%%%%%%%%%%%%%%%%%%%%%%%%%%%%%%%%%
function mpc = pglib_opf_case57_ieee__api
mpc.version = '2';
mpc.baseMVA = 100.0;

%% bus data
%	bus_i	type	Pd	Qd	Gs	Bs	area	Vm	Va	baseKV	zone	Vmax	Vmin
mpc.bus = [
	1	 3	 63.42	 17.00	 0.0	 0.0	 1	    1.00000	    0.00000	 1.0	 1	    1.06000	    0.94000;
	2	 2	 3.46	 88.00	 0.0	 0.0	 1	    1.00000	    0.00000	 1.0	 1	    1.06000	    0.94000;
	3	 2	 47.28	 21.00	 0.0	 0.0	 1	    1.00000	    0.00000	 1.0	 1	    1.06000	    0.94000;
	4	 1	 0.0	 0.0	 0.0	 0.0	 1	    1.00000	    0.00000	 1.0	 1	    1.06000	    0.94000;
	5	 1	 14.99	 4.00	 0.0	 0.0	 1	    1.00000	    0.00000	 1.0	 1	    1.06000	    0.94000;
	6	 2	 86.49	 2.00	 0.0	 0.0	 1	    1.00000	    0.00000	 1.0	 1	    1.06000	    0.94000;
	7	 1	 0.0	 0.0	 0.0	 0.0	 1	    1.00000	    0.00000	 1.0	 1	    1.06000	    0.94000;
	8	 2	 172.97	 22.00	 0.0	 0.0	 1	    1.00000	    0.00000	 1.0	 1	    1.06000	    0.94000;
	9	 2	 139.53	 26.00	 0.0	 0.0	 1	    1.00000	    0.00000	 1.0	 1	    1.06000	    0.94000;
	10	 1	 5.77	 2.00	 0.0	 0.0	 1	    1.00000	    0.00000	 1.0	 1	    1.06000	    0.94000;
	11	 1	 0.0	 0.0	 0.0	 0.0	 1	    1.00000	    0.00000	 1.0	 1	    1.06000	    0.94000;
	12	 2	 434.73	 24.00	 0.0	 0.0	 1	    1.00000	    0.00000	 1.0	 1	    1.06000	    0.94000;
	13	 1	 20.76	 2.30	 0.0	 0.0	 1	    1.00000	    0.00000	 1.0	 1	    1.06000	    0.94000;
	14	 1	 12.11	 5.30	 0.0	 0.0	 1	    1.00000	    0.00000	 1.0	 1	    1.06000	    0.94000;
	15	 1	 25.37	 5.00	 0.0	 0.0	 1	    1.00000	    0.00000	 1.0	 1	    1.06000	    0.94000;
	16	 1	 49.58	 3.00	 0.0	 0.0	 1	    1.00000	    0.00000	 1.0	 1	    1.06000	    0.94000;
	17	 1	 48.43	 8.00	 0.0	 0.0	 1	    1.00000	    0.00000	 1.0	 1	    1.06000	    0.94000;
	18	 1	 31.37	 9.80	 0.0	 10.0	 1	    1.00000	    0.00000	 1.0	 1	    1.06000	    0.94000;
	19	 1	 3.81	 0.60	 0.0	 0.0	 1	    1.00000	    0.00000	 1.0	 1	    1.06000	    0.94000;
	20	 1	 2.65	 1.00	 0.0	 0.0	 1	    1.00000	    0.00000	 1.0	 1	    1.06000	    0.94000;
	21	 1	 0.0	 0.0	 0.0	 0.0	 1	    1.00000	    0.00000	 1.0	 1	    1.06000	    0.94000;
	22	 1	 0.0	 0.0	 0.0	 0.0	 1	    1.00000	    0.00000	 1.0	 1	    1.06000	    0.94000;
	23	 1	 7.26	 2.10	 0.0	 0.0	 1	    1.00000	    0.00000	 1.0	 1	    1.06000	    0.94000;
	24	 1	 0.0	 0.0	 0.0	 0.0	 1	    1.00000	    0.00000	 1.0	 1	    1.06000	    0.94000;
	25	 1	 7.26	 3.20	 0.0	 5.9	 1	    1.00000	    0.00000	 1.0	 1	    1.06000	    0.94000;
	26	 1	 0.0	 0.0	 0.0	 0.0	 1	    1.00000	    0.00000	 1.0	 1	    1.06000	    0.94000;
	27	 1	 10.72	 0.50	 0.0	 0.0	 1	    1.00000	    0.00000	 1.0	 1	    1.06000	    0.94000;
	28	 1	 5.30	 2.30	 0.0	 0.0	 1	    1.00000	    0.00000	 1.0	 1	    1.06000	    0.94000;
	29	 1	 19.60	 2.60	 0.0	 0.0	 1	    1.00000	    0.00000	 1.0	 1	    1.06000	    0.94000;
	30	 1	 4.15	 1.80	 0.0	 0.0	 1	    1.00000	    0.00000	 1.0	 1	    1.06000	    0.94000;
	31	 1	 6.69	 2.90	 0.0	 0.0	 1	    1.00000	    0.00000	 1.0	 1	    1.06000	    0.94000;
	32	 1	 1.85	 0.80	 0.0	 0.0	 1	    1.00000	    0.00000	 1.0	 1	    1.06000	    0.94000;
	33	 1	 4.38	 1.90	 0.0	 0.0	 1	    1.00000	    0.00000	 1.0	 1	    1.06000	    0.94000;
	34	 1	 0.0	 0.0	 0.0	 0.0	 1	    1.00000	    0.00000	 1.0	 1	    1.06000	    0.94000;
	35	 1	 6.92	 3.00	 0.0	 0.0	 1	    1.00000	    0.00000	 1.0	 1	    1.06000	    0.94000;
	36	 1	 0.0	 0.0	 0.0	 0.0	 1	    1.00000	    0.00000	 1.0	 1	    1.06000	    0.94000;
	37	 1	 0.0	 0.0	 0.0	 0.0	 1	    1.00000	    0.00000	 1.0	 1	    1.06000	    0.94000;
	38	 1	 16.14	 7.00	 0.0	 0.0	 1	    1.00000	    0.00000	 1.0	 1	    1.06000	    0.94000;
	39	 1	 0.0	 0.0	 0.0	 0.0	 1	    1.00000	    0.00000	 1.0	 1	    1.06000	    0.94000;
	40	 1	 0.0	 0.0	 0.0	 0.0	 1	    1.00000	    0.00000	 1.0	 1	    1.06000	    0.94000;
	41	 1	 7.26	 3.00	 0.0	 0.0	 1	    1.00000	    0.00000	 1.0	 1	    1.06000	    0.94000;
	42	 1	 8.19	 4.40	 0.0	 0.0	 1	    1.00000	    0.00000	 1.0	 1	    1.06000	    0.94000;
	43	 1	 2.31	 1.00	 0.0	 0.0	 1	    1.00000	    0.00000	 1.0	 1	    1.06000	    0.94000;
	44	 1	 13.84	 1.80	 0.0	 0.0	 1	    1.00000	    0.00000	 1.0	 1	    1.06000	    0.94000;
	45	 1	 0.0	 0.0	 0.0	 0.0	 1	    1.00000	    0.00000	 1.0	 1	    1.06000	    0.94000;
	46	 1	 0.0	 0.0	 0.0	 0.0	 1	    1.00000	    0.00000	 1.0	 1	    1.06000	    0.94000;
	47	 1	 34.25	 11.60	 0.0	 0.0	 1	    1.00000	    0.00000	 1.0	 1	    1.06000	    0.94000;
	48	 1	 0.0	 0.0	 0.0	 0.0	 1	    1.00000	    0.00000	 1.0	 1	    1.06000	    0.94000;
	49	 1	 20.76	 8.50	 0.0	 0.0	 1	    1.00000	    0.00000	 1.0	 1	    1.06000	    0.94000;
	50	 1	 24.22	 10.50	 0.0	 0.0	 1	    1.00000	    0.00000	 1.0	 1	    1.06000	    0.94000;
	51	 1	 20.76	 5.30	 0.0	 0.0	 1	    1.00000	    0.00000	 1.0	 1	    1.06000	    0.94000;
	52	 1	 5.65	 2.20	 0.0	 0.0	 1	    1.00000	    0.00000	 1.0	 1	    1.06000	    0.94000;
	53	 1	 23.06	 10.00	 0.0	 6.3	 1	    1.00000	    0.00000	 1.0	 1	    1.06000	    0.94000;
	54	 1	 4.73	 1.40	 0.0	 0.0	 1	    1.00000	    0.00000	 1.0	 1	    1.06000	    0.94000;
	55	 1	 7.84	 3.40	 0.0	 0.0	 1	    1.00000	    0.00000	 1.0	 1	    1.06000	    0.94000;
	56	 1	 8.76	 2.20	 0.0	 0.0	 1	    1.00000	    0.00000	 1.0	 1	    1.06000	    0.94000;
	57	 1	 7.73	 2.00	 0.0	 0.0	 1	    1.00000	    0.00000	 1.0	 1	    1.06000	    0.94000;
];

%% generator data
%	bus	Pg	Qg	Qmax	Qmin	Vg	mBase	status	Pmax	Pmin
mpc.gen = [
	1	 1.0	 0.0	 256.8	 -256.8	 1.0	 100.0	 1	 2	 0.0; % NG
	2	 0.0	 0.0	 260.4	 -260.4	 1.0	 100.0	 1	 0	 0.0; % SYNC
	3	 310.5	 0.0	 311.0	 -311.0	 1.0	 100.0	 1	 621	 0.0; % NG
	6	 0.0	 0.0	 112.8	 -112.8	 1.0	 100.0	 1	 0	 0.0; % SYNC
	8	 314.5	 0.0	 315.0	 -315.0	 1.0	 100.0	 1	 629	 0.0; % COW
	9	 0.0	 0.0	 38.4	 -38.4	 1.0	 100.0	 1	 0	 0.0; % SYNC
	12	 372.5	 0.0	 373.0	 -373.0	 1.0	 100.0	 1	 745	 0.0; % COW
];

%% generator cost data
%	2	startup	shutdown	n	c(n-1)	...	c0
mpc.gencost = [
	2	 0.0	 0.0	 3	   0.000000	  16.960624	   0.000000; % NG
	2	 0.0	 0.0	 3	   0.000000	   0.000000	   0.000000; % SYNC
	2	 0.0	 0.0	 3	   0.000000	  34.075557	   0.000000; % NG
	2	 0.0	 0.0	 3	   0.000000	   0.000000	   0.000000; % SYNC
	2	 0.0	 0.0	 3	   0.000000	  30.441037	   0.000000; % COW
	2	 0.0	 0.0	 3	   0.000000	   0.000000	   0.000000; % SYNC
	2	 0.0	 0.0	 3	   0.000000	  37.188979	   0.000000; % COW
];

%% branch data
%	fbus	tbus	r	x	b	rateA	rateB	rateC	ratio	angle	status	angmin	angmax
