%%%%%%%%%%%%%%%%%%%%%%%%%%%%%%%%%%%%%%%%%%%%%%%%%%%%%%%%%%%%%%%%%%%%%%%%%%%
%%%%                                                                  %%%%%
%%%%    IEEE PES Power Grid Library - Optimal Power Flow - v17.07     %%%%%
%%%%          (https://github.com/power-grid-lib/pglib-opf)           %%%%%
%%%%             Benchmark Group - Active Power Increase              %%%%%
%%%%                         27 - June - 2017                         %%%%%
%%%%                                                                  %%%%%
%%%%%%%%%%%%%%%%%%%%%%%%%%%%%%%%%%%%%%%%%%%%%%%%%%%%%%%%%%%%%%%%%%%%%%%%%%%
function mpc = pglib_opf_case39_epri__api
mpc.version = '2';
mpc.baseMVA = 100.0;

%% bus data
%	bus_i	type	Pd	Qd	Gs	Bs	area	Vm	Va	baseKV	zone	Vmax	Vmin
mpc.bus = [
	1	 1	 160.92	 44.20	 0.0	 0.0	 2	    1.05856	  -25.87269	 345.0	 1	    1.06000	    0.94000;
	2	 1	 0.00	 0.00	 0.0	 0.0	 2	    1.04546	  -25.91838	 345.0	 1	    1.06000	    0.94000;
	3	 1	 530.89	 2.40	 0.0	 0.0	 2	    1.02521	  -29.79601	 345.0	 1	    1.06000	    0.94000;
	4	 1	 824.36	 184.00	 0.0	 0.0	 1	    1.00578	  -28.49136	 345.0	 1	    1.06000	    0.94000;
	5	 1	 0.00	 0.00	 0.0	 0.0	 1	    1.01461	  -24.23480	 345.0	 1	    1.06000	    0.94000;
	6	 1	 0.00	 0.00	 0.0	 0.0	 1	    1.01921	  -22.73474	 345.0	 1	    1.06000	    0.94000;
	7	 1	 385.47	 84.00	 0.0	 0.0	 1	    1.00758	  -26.26145	 345.0	 1	    1.06000	    0.94000;
	8	 1	 860.63	 176.60	 0.0	 0.0	 1	    1.00706	  -27.05706	 345.0	 1	    1.06000	    0.94000;
	9	 1	 6.50	 -66.60	 0.0	 0.0	 1	    1.06000	  -25.18435	 345.0	 1	    1.06000	    0.94000;
	10	 1	 0.00	 0.00	 0.0	 0.0	 1	    1.03602	  -21.50823	 345.0	 1	    1.06000	    0.94000;
	11	 1	 0.00	 0.00	 0.0	 0.0	 1	    1.02915	  -21.95804	 345.0	 1	    1.06000	    0.94000;
	12	 1	 14.06	 88.00	 0.0	 0.0	 1	    1.01573	  -22.52435	 345.0	 1	    1.06000	    0.94000;
	13	 1	 0.00	 0.00	 0.0	 0.0	 1	    1.02839	  -22.83127	 345.0	 1	    1.06000	    0.94000;
	14	 1	 0.00	 0.00	 0.0	 0.0	 1	    1.01600	  -26.08158	 345.0	 1	    1.06000	    0.94000;
	15	 1	 527.59	 153.00	 0.0	 0.0	 3	    1.00789	  -29.14650	 345.0	 1	    1.06000	    0.94000;
	16	 1	 542.43	 32.30	 0.0	 0.0	 3	    1.02144	  -27.76856	 345.0	 1	    1.06000	    0.94000;
	17	 1	 0.00	 0.00	 0.0	 0.0	 2	    1.02453	  -29.32582	 345.0	 1	    1.06000	    0.94000;
	18	 1	 260.50	 30.00	 0.0	 0.0	 2	    1.02302	  -30.22468	 345.0	 1	    1.06000	    0.94000;
	19	 1	 0.00	 0.00	 0.0	 0.0	 3	    1.05498	  -21.86327	 345.0	 1	    1.06000	    0.94000;
	20	 1	 1121.13	 103.00	 0.0	 0.0	 3	    0.99042	  -23.91970	 345.0	 1	    1.06000	    0.94000;
	21	 1	 451.75	 115.00	 0.0	 0.0	 3	    1.01345	  -24.75163	 345.0	 1	    1.06000	    0.94000;
	22	 1	 0.00	 0.00	 0.0	 0.0	 3	    1.02907	  -18.19892	 345.0	 1	    1.06000	    0.94000;
	23	 1	 408.06	 84.60	 0.0	 0.0	 3	    1.02491	  -18.23470	 345.0	 1	    1.06000	    0.94000;
	24	 1	 308.60	 -92.20	 0.0	 0.0	 3	    1.02468	  -27.26547	 345.0	 1	    1.06000	    0.94000;
	25	 1	 369.31	 47.20	 0.0	 0.0	 2	    1.05458	  -24.08718	 345.0	 1	    1.06000	    0.94000;
	26	 1	 229.17	 17.00	 0.0	 0.0	 2	    1.04763	  -27.75109	 345.0	 1	    1.06000	    0.94000;
	27	 1	 463.29	 75.50	 0.0	 0.0	 2	    1.02956	  -30.42018	 345.0	 1	    1.06000	    0.94000;
	28	 1	 339.64	 27.60	 0.0	 0.0	 3	    1.05460	  -24.28240	 345.0	 1	    1.06000	    0.94000;
	29	 1	 467.41	 26.90	 0.0	 0.0	 3	    1.06000	  -20.53854	 345.0	 1	    1.06000	    0.94000;
	30	 2	 0.00	 0.00	 0.0	 0.0	 2	    1.04871	  -24.10067	 345.0	 1	    1.06000	    0.94000;
	31	 3	 15.17	 4.60	 0.0	 0.0	 1	    1.06000	   -0.00000	 345.0	 1	    1.06000	    0.94000;
	32	 2	 0.00	 0.00	 0.0	 0.0	 1	    1.03808	  -12.42850	 345.0	 1	    1.06000	    0.94000;
	33	 2	 0.00	 0.00	 0.0	 0.0	 3	    1.02381	  -15.14942	 345.0	 1	    1.06000	    0.94000;
	34	 2	 0.00	 0.00	 0.0	 0.0	 3	    1.01754	  -15.00735	 345.0	 1	    1.06000	    0.94000;
	35	 2	 0.00	 0.00	 0.0	 0.0	 3	    1.03063	  -11.32312	 345.0	 1	    1.06000	    0.94000;
	36	 2	 0.00	 0.00	 0.0	 0.0	 3	    1.06000	   -5.65971	 345.0	 1	    1.06000	    0.94000;
	37	 2	 0.00	 0.00	 0.0	 0.0	 2	    1.02885	  -12.76323	 345.0	 1	    1.06000	    0.94000;
	38	 2	 0.00	 0.00	 0.0	 0.0	 3	    1.05505	  -10.84927	 345.0	 1	    1.06000	    0.94000;
	39	 2	 1820.19	 250.00	 0.0	 0.0	 1	    1.05999	  -23.75246	 345.0	 1	    1.06000	    0.94000;
];

%% generator data
%	bus	Pg	Qg	Qmax	Qmin	Vg	mBase	status	Pmax	Pmin	Pc1	Pc2	Qc1min	Qc1max	Qc2min	Qc2max	ramp_agc	ramp_10	ramp_30	ramp_q	apf
mpc.gen = [
	30	 187.451	 169.52	 400.0	 -283.2	 1.04871	 100.0	 1	 318	 0.0	 0.0	 0.0	 0.0	 0.0	 0.0	 0.0	 0.0	 0.0	 0.0	 0.0	 0.0; % COW
	31	 1576.0	 774.061	 853.2	 -853.2	 1.06	 100.0	 1	 1576	 0.0	 0.0	 0.0	 0.0	 0.0	 0.0	 0.0	 0.0	 0.0	 0.0	 0.0	 0.0; % COW
	32	 793.08	 425.469	 1278.0	 -1278.0	 1.03808	 100.0	 1	 2555	 0.0	 0.0	 0.0	 0.0	 0.0	 0.0	 0.0	 0.0	 0.0	 0.0	 0.0	 0.0; % COW
	33	 844.883	 279.935	 433.0	 -433.0	 1.02381	 100.0	 1	 865	 0.0	 0.0	 0.0	 0.0	 0.0	 0.0	 0.0	 0.0	 0.0	 0.0	 0.0	 0.0; % COW
	34	 870.985	 226.682	 439.0	 -439.0	 1.01754	 100.0	 1	 877	 0.0	 0.0	 0.0	 0.0	 0.0	 0.0	 0.0	 0.0	 0.0	 0.0	 0.0	 0.0; % COW
	35	 866.249	 244.156	 560.0	 -560.0	 1.03063	 100.0	 1	 1120	 0.0	 0.0	 0.0	 0.0	 0.0	 0.0	 0.0	 0.0	 0.0	 0.0	 0.0	 0.0; % COW
	36	 873.573	 216.496	 461.0	 -461.0	 1.06	 100.0	 1	 922	 0.0	 0.0	 0.0	 0.0	 0.0	 0.0	 0.0	 0.0	 0.0	 0.0	 0.0	 0.0; % COW
	37	 897.605	 65.609	 759.0	 -759.0	 1.02885	 100.0	 1	 1518	 0.0	 0.0	 0.0	 0.0	 0.0	 0.0	 0.0	 0.0	 0.0	 0.0	 0.0	 0.0; % COW
	38	 1186.379	 180.289	 595.0	 -595.0	 1.05505	 100.0	 1	 1189	 0.0	 0.0	 0.0	 0.0	 0.0	 0.0	 0.0	 0.0	 0.0	 0.0	 0.0	 0.0; % COW
	39	 2098.522	 139.816	 1263.0	 -1263.0	 1.05999	 100.0	 1	 2526	 0.0	 0.0	 0.0	 0.0	 0.0	 0.0	 0.0	 0.0	 0.0	 0.0	 0.0	 0.0; % COW
];

%% generator cost data
%	2	startup	shutdown	n	c(n-1)	...	c0
mpc.gencost = [
	2	 0.0	 0.0	 3	   0.000000	   0.748692	   0.000000; % COW
	2	 0.0	 0.0	 3	   0.000000	   0.856541	   0.000000; % COW
	2	 0.0	 0.0	 3	   0.000000	   0.627548	   0.000000; % COW
	2	 0.0	 0.0	 3	   0.000000	   0.800988	   0.000000; % COW
	2	 0.0	 0.0	 3	   0.000000	   0.790036	   0.000000; % COW
	2	 0.0	 0.0	 3	   0.000000	   0.649106	   0.000000; % COW
	2	 0.0	 0.0	 3	   0.000000	   0.517689	   0.000000; % COW
	2	 0.0	 0.0	 3	   0.000000	   0.508744	   0.000000; % COW
	2	 0.0	 0.0	 3	   0.000000	   0.702879	   0.000000; % COW
	2	 0.0	 0.0	 3	   0.000000	   1.067544	   0.000000; % COW
];

%% branch data
%	fbus	tbus	r	x	b	rateA	rateB	rateC	ratio	angle	status	angmin	angmax
