%%%%%%%%%%%%%%%%%%%%%%%%%%%%%%%%%%%%%%%%%%%%%%%%%%%%%%%%%%%%%%%%%%%%%%%%%%%
%%%%                                                                  %%%%%
%%%%    IEEE PES Power Grid Library - Optimal Power Flow - v23.07     %%%%%
%%%%          (https://github.com/power-grid-lib/pglib-opf)           %%%%%
%%%%             Benchmark Group - Active Power Increase              %%%%%
%%%%                         23 - July - 2023                         %%%%%
%%%%                                                                  %%%%%
%%%%%%%%%%%%%%%%%%%%%%%%%%%%%%%%%%%%%%%%%%%%%%%%%%%%%%%%%%%%%%%%%%%%%%%%%%%
function mpc = pglib_opf_case118_ieee__api
mpc.version = '2';
mpc.baseMVA = 100.0;

%% bus data
%	bus_i	type	Pd	Qd	Gs	Bs	area	Vm	Va	baseKV	zone	Vmax	Vmin
mpc.bus = [
	1	 2	 85.37	 27.00	 0.0	 0.0	 1	    1.00000	    0.00000	 138.0	 1	    1.06000	    0.94000;
	2	 1	 33.48	 9.00	 0.0	 0.0	 1	    1.00000	    0.00000	 138.0	 1	    1.06000	    0.94000;
	3	 1	 65.28	 10.00	 0.0	 0.0	 1	    1.00000	    0.00000	 138.0	 1	    1.06000	    0.94000;
	4	 2	 65.28	 12.00	 0.0	 0.0	 1	    1.00000	    0.00000	 138.0	 1	    1.06000	    0.94000;
	5	 1	 0.0	 0.0	 0.0	 -40.0	 1	    1.00000	    0.00000	 138.0	 1	    1.06000	    0.94000;
	6	 2	 87.04	 22.00	 0.0	 0.0	 1	    1.00000	    0.00000	 138.0	 1	    1.06000	    0.94000;
	7	 1	 31.80	 2.00	 0.0	 0.0	 1	    1.00000	    0.00000	 138.0	 1	    1.06000	    0.94000;
	8	 2	 28.00	 0.00	 0.0	 0.0	 1	    1.00000	    0.00000	 345.0	 1	    1.06000	    0.94000;
	9	 1	 0.0	 0.0	 0.0	 0.0	 1	    1.00000	    0.00000	 345.0	 1	    1.06000	    0.94000;
	10	 2	 0.0	 0.0	 0.0	 0.0	 1	    1.00000	    0.00000	 345.0	 1	    1.06000	    0.94000;
	11	 1	 117.17	 23.00	 0.0	 0.0	 1	    1.00000	    0.00000	 138.0	 1	    1.06000	    0.94000;
	12	 2	 78.67	 10.00	 0.0	 0.0	 1	    1.00000	    0.00000	 138.0	 1	    1.06000	    0.94000;
	13	 1	 56.91	 16.00	 0.0	 0.0	 1	    1.00000	    0.00000	 138.0	 1	    1.06000	    0.94000;
	14	 1	 23.43	 1.00	 0.0	 0.0	 1	    1.00000	    0.00000	 138.0	 1	    1.06000	    0.94000;
	15	 2	 150.65	 30.00	 0.0	 0.0	 1	    1.00000	    0.00000	 138.0	 1	    1.06000	    0.94000;
	16	 1	 41.85	 10.00	 0.0	 0.0	 1	    1.00000	    0.00000	 138.0	 1	    1.06000	    0.94000;
	17	 1	 18.41	 3.00	 0.0	 0.0	 1	    1.00000	    0.00000	 138.0	 1	    1.06000	    0.94000;
	18	 2	 100.43	 34.00	 0.0	 0.0	 1	    1.00000	    0.00000	 138.0	 1	    1.06000	    0.94000;
	19	 2	 75.32	 25.00	 0.0	 0.0	 1	    1.00000	    0.00000	 138.0	 1	    1.06000	    0.94000;
	20	 1	 30.13	 3.00	 0.0	 0.0	 1	    1.00000	    0.00000	 138.0	 1	    1.06000	    0.94000;
	21	 1	 23.43	 8.00	 0.0	 0.0	 1	    1.00000	    0.00000	 138.0	 1	    1.06000	    0.94000;
	22	 1	 16.74	 5.00	 0.0	 0.0	 1	    1.00000	    0.00000	 138.0	 1	    1.06000	    0.94000;
	23	 1	 11.72	 3.00	 0.0	 0.0	 1	    1.00000	    0.00000	 138.0	 1	    1.06000	    0.94000;
	24	 2	 13.00	 0.00	 0.0	 0.0	 1	    1.00000	    0.00000	 138.0	 1	    1.06000	    0.94000;
	25	 2	 0.0	 0.0	 0.0	 0.0	 1	    1.00000	    0.00000	 138.0	 1	    1.06000	    0.94000;
	26	 2	 0.0	 0.0	 0.0	 0.0	 1	    1.00000	    0.00000	 345.0	 1	    1.06000	    0.94000;
	27	 2	 118.84	 13.00	 0.0	 0.0	 1	    1.00000	    0.00000	 138.0	 1	    1.06000	    0.94000;
	28	 1	 28.46	 7.00	 0.0	 0.0	 1	    1.00000	    0.00000	 138.0	 1	    1.06000	    0.94000;
	29	 1	 40.17	 4.00	 0.0	 0.0	 1	    1.00000	    0.00000	 138.0	 1	    1.06000	    0.94000;
	30	 1	 0.0	 0.0	 0.0	 0.0	 1	    1.00000	    0.00000	 345.0	 1	    1.06000	    0.94000;
	31	 2	 71.98	 27.00	 0.0	 0.0	 1	    1.00000	    0.00000	 138.0	 1	    1.06000	    0.94000;
	32	 2	 98.76	 23.00	 0.0	 0.0	 1	    1.00000	    0.00000	 138.0	 1	    1.06000	    0.94000;
	33	 1	 38.50	 9.00	 0.0	 0.0	 1	    1.00000	    0.00000	 138.0	 1	    1.06000	    0.94000;
	34	 2	 98.76	 26.00	 0.0	 14.0	 1	    1.00000	    0.00000	 138.0	 1	    1.06000	    0.94000;
	35	 1	 55.24	 9.00	 0.0	 0.0	 1	    1.00000	    0.00000	 138.0	 1	    1.06000	    0.94000;
	36	 2	 51.89	 17.00	 0.0	 0.0	 1	    1.00000	    0.00000	 138.0	 1	    1.06000	    0.94000;
	37	 1	 0.0	 0.0	 0.0	 -25.0	 1	    1.00000	    0.00000	 138.0	 1	    1.06000	    0.94000;
	38	 1	 0.0	 0.0	 0.0	 0.0	 1	    1.00000	    0.00000	 345.0	 1	    1.06000	    0.94000;
	39	 1	 45.19	 11.00	 0.0	 0.0	 1	    1.00000	    0.00000	 138.0	 1	    1.06000	    0.94000;
	40	 2	 110.48	 23.00	 0.0	 0.0	 1	    1.00000	    0.00000	 138.0	 1	    1.06000	    0.94000;
	41	 1	 61.93	 10.00	 0.0	 0.0	 1	    1.00000	    0.00000	 138.0	 1	    1.06000	    0.94000;
	42	 2	 160.69	 23.00	 0.0	 0.0	 1	    1.00000	    0.00000	 138.0	 1	    1.06000	    0.94000;
	43	 1	 30.13	 7.00	 0.0	 0.0	 1	    1.00000	    0.00000	 138.0	 1	    1.06000	    0.94000;
	44	 1	 26.78	 8.00	 0.0	 10.0	 1	    1.00000	    0.00000	 138.0	 1	    1.06000	    0.94000;
	45	 1	 88.71	 22.00	 0.0	 10.0	 1	    1.00000	    0.00000	 138.0	 1	    1.06000	    0.94000;
	46	 2	 46.87	 10.00	 0.0	 10.0	 1	    1.00000	    0.00000	 138.0	 1	    1.06000	    0.94000;
	47	 1	 34.00	 0.00	 0.0	 0.0	 1	    1.00000	    0.00000	 138.0	 1	    1.06000	    0.94000;
	48	 1	 33.48	 11.00	 0.0	 15.0	 1	    1.00000	    0.00000	 138.0	 1	    1.06000	    0.94000;
	49	 2	 145.63	 30.00	 0.0	 0.0	 1	    1.00000	    0.00000	 138.0	 1	    1.06000	    0.94000;
	50	 1	 28.46	 4.00	 0.0	 0.0	 1	    1.00000	    0.00000	 138.0	 1	    1.06000	    0.94000;
	51	 1	 28.46	 8.00	 0.0	 0.0	 1	    1.00000	    0.00000	 138.0	 1	    1.06000	    0.94000;
	52	 1	 30.13	 5.00	 0.0	 0.0	 1	    1.00000	    0.00000	 138.0	 1	    1.06000	    0.94000;
	53	 1	 38.50	 11.00	 0.0	 0.0	 1	    1.00000	    0.00000	 138.0	 1	    1.06000	    0.94000;
	54	 2	 189.15	 32.00	 0.0	 0.0	 1	    1.00000	    0.00000	 138.0	 1	    1.06000	    0.94000;
	55	 2	 105.45	 22.00	 0.0	 0.0	 1	    1.00000	    0.00000	 138.0	 1	    1.06000	    0.94000;
	56	 2	 140.60	 18.00	 0.0	 0.0	 1	    1.00000	    0.00000	 138.0	 1	    1.06000	    0.94000;
	57	 1	 20.09	 3.00	 0.0	 0.0	 1	    1.00000	    0.00000	 138.0	 1	    1.06000	    0.94000;
	58	 1	 20.09	 3.00	 0.0	 0.0	 1	    1.00000	    0.00000	 138.0	 1	    1.06000	    0.94000;
	59	 2	 463.66	 113.00	 0.0	 0.0	 1	    1.00000	    0.00000	 138.0	 1	    1.06000	    0.94000;
	60	 1	 130.56	 3.00	 0.0	 0.0	 1	    1.00000	    0.00000	 138.0	 1	    1.06000	    0.94000;
	61	 2	 0.0	 0.0	 0.0	 0.0	 1	    1.00000	    0.00000	 138.0	 1	    1.06000	    0.94000;
	62	 2	 128.89	 14.00	 0.0	 0.0	 1	    1.00000	    0.00000	 138.0	 1	    1.06000	    0.94000;
	63	 1	 0.0	 0.0	 0.0	 0.0	 1	    1.00000	    0.00000	 345.0	 1	    1.06000	    0.94000;
	64	 1	 0.0	 0.0	 0.0	 0.0	 1	    1.00000	    0.00000	 345.0	 1	    1.06000	    0.94000;
	65	 2	 0.0	 0.0	 0.0	 0.0	 1	    1.00000	    0.00000	 345.0	 1	    1.06000	    0.94000;
	66	 2	 65.28	 18.00	 0.0	 0.0	 1	    1.00000	    0.00000	 138.0	 1	    1.06000	    0.94000;
	67	 1	 46.87	 7.00	 0.0	 0.0	 1	    1.00000	    0.00000	 138.0	 1	    1.06000	    0.94000;
	68	 1	 0.0	 0.0	 0.0	 0.0	 1	    1.00000	    0.00000	 345.0	 1	    1.06000	    0.94000;
	69	 3	 0.0	 0.0	 0.0	 0.0	 1	    1.00000	    0.00000	 138.0	 1	    1.06000	    0.94000;
	70	 2	 110.48	 20.00	 0.0	 0.0	 1	    1.00000	    0.00000	 138.0	 1	    1.06000	    0.94000;
	71	 1	 0.0	 0.0	 0.0	 0.0	 1	    1.00000	    0.00000	 138.0	 1	    1.06000	    0.94000;
	72	 2	 12.00	 0.00	 0.0	 0.0	 1	    1.00000	    0.00000	 138.0	 1	    1.06000	    0.94000;
	73	 2	 6.00	 0.00	 0.0	 0.0	 1	    1.00000	    0.00000	 138.0	 1	    1.06000	    0.94000;
	74	 2	 113.82	 27.00	 0.0	 12.0	 1	    1.00000	    0.00000	 138.0	 1	    1.06000	    0.94000;
	75	 1	 78.67	 11.00	 0.0	 0.0	 1	    1.00000	    0.00000	 138.0	 1	    1.06000	    0.94000;
	76	 2	 113.82	 36.00	 0.0	 0.0	 1	    1.00000	    0.00000	 138.0	 1	    1.06000	    0.94000;
	77	 2	 102.11	 28.00	 0.0	 0.0	 1	    1.00000	    0.00000	 138.0	 1	    1.06000	    0.94000;
	78	 1	 118.84	 26.00	 0.0	 0.0	 1	    1.00000	    0.00000	 138.0	 1	    1.06000	    0.94000;
