%%%%%%%%%%%%%%%%%%%%%%%%%%%%%%%%%%%%%%%%%%%%%%%%%%%%%%%%%%%%%%%%%%%%%%%%%%%
%%%%                                                                  %%%%%
%%%%    IEEE PES Power Grid Library - Optimal Power Flow - v17.07     %%%%%
%%%%          (https://github.com/power-grid-lib/pglib-opf)           %%%%%
%%%%             Benchmark Group - Active Power Increase              %%%%%
%%%%                         27 - June - 2017                         %%%%%
%%%%                                                                  %%%%%
%%%%%%%%%%%%%%%%%%%%%%%%%%%%%%%%%%%%%%%%%%%%%%%%%%%%%%%%%%%%%%%%%%%%%%%%%%%
function mpc = pglib_opf_case30_fsr__api
mpc.version = '2';
mpc.baseMVA = 100.0;

%% area data
%	area	refbus
mpc.areas = [
	1	 8;
	2	 23;
	3	 26;
];

%% bus data
%	bus_i	type	Pd	Qd	Gs	Bs	area	Vm	Va	baseKV	zone	Vmax	Vmin
mpc.bus = [
	1	 3	 0.00	 0.00	 0.0	 0.0	 1	    0.98519	   -0.00000	 135.0	 1	    1.05000	    0.95000;
	2	 2	 23.71	 12.70	 0.0	 0.0	 1	    0.96926	   -0.83542	 135.0	 1	    1.10000	    0.95000;
	3	 1	 2.62	 1.20	 0.0	 0.0	 1	    0.98072	   -1.41787	 135.0	 1	    1.05000	    0.95000;
	4	 1	 8.30	 1.60	 0.0	 0.0	 1	    0.97973	   -1.65264	 135.0	 1	    1.05000	    0.95000;
	5	 1	 0.00	 0.00	 0.0	 0.19	 1	    0.96622	   -1.99772	 135.0	 1	    1.05000	    0.95000;
	6	 1	 0.00	 0.00	 0.0	 0.0	 1	    0.97325	   -2.01758	 135.0	 1	    1.05000	    0.95000;
	7	 1	 24.91	 10.90	 0.0	 0.0	 1	    0.96088	   -2.64690	 135.0	 1	    1.05000	    0.95000;
	8	 1	 32.78	 30.00	 0.0	 0.0	 1	    0.96113	   -2.48101	 135.0	 1	    1.05000	    0.95000;
	9	 1	 0.00	 0.00	 0.0	 0.0	 1	    0.98775	   -1.95394	 135.0	 1	    1.05000	    0.95000;
	10	 1	 6.34	 2.00	 0.0	 0.0	 3	    0.99541	   -1.92103	 135.0	 1	    1.05000	    0.95000;
	11	 1	 0.00	 0.00	 0.0	 0.0	 1	    0.98775	   -1.95394	 135.0	 1	    1.05000	    0.95000;
	12	 1	 12.24	 7.50	 0.0	 0.0	 2	    1.03037	   -0.11243	 135.0	 1	    1.05000	    0.95000;
	13	 2	 0.00	 0.00	 0.0	 0.0	 2	    1.08322	    3.42983	 135.0	 1	    1.10000	    0.95000;
	14	 1	 6.77	 1.60	 0.0	 0.0	 2	    1.01988	   -0.77370	 135.0	 1	    1.05000	    0.95000;
	15	 1	 8.96	 2.50	 0.0	 0.0	 2	    1.02285	   -0.64074	 135.0	 1	    1.05000	    0.95000;
	16	 1	 3.82	 1.80	 0.0	 0.0	 2	    1.00745	   -1.17806	 135.0	 1	    1.05000	    0.95000;
	17	 1	 9.83	 5.80	 0.0	 0.0	 2	    0.99316	   -1.94590	 135.0	 1	    1.05000	    0.95000;
	18	 1	 3.50	 0.90	 0.0	 0.0	 2	    0.99973	   -1.89163	 135.0	 1	    1.05000	    0.95000;
	19	 1	 10.38	 3.40	 0.0	 0.0	 2	    0.98958	   -2.42591	 135.0	 1	    1.05000	    0.95000;
	20	 1	 2.40	 0.70	 0.0	 0.0	 2	    0.99012	   -2.36395	 135.0	 1	    1.05000	    0.95000;
	21	 1	 19.12	 11.20	 0.0	 0.0	 3	    1.00380	   -1.84645	 135.0	 1	    1.05000	    0.95000;
	22	 2	 0.00	 0.00	 0.0	 0.0	 3	    1.01133	   -1.64505	 135.0	 1	    1.10000	    0.95000;
	23	 2	 3.50	 1.60	 0.0	 0.0	 2	    1.04857	    0.62215	 135.0	 1	    1.10000	    0.95000;
	24	 1	 9.51	 6.70	 0.0	 0.04	 3	    1.02262	   -0.45505	 135.0	 1	    1.05000	    0.95000;
	25	 1	 0.00	 0.00	 0.0	 0.0	 3	    1.04663	    1.41103	 135.0	 1	    1.05000	    0.95000;
	26	 1	 3.82	 2.30	 0.0	 0.0	 3	    1.02865	    0.94990	 135.0	 1	    1.05000	    0.95000;
	27	 2	 0.00	 0.00	 0.0	 0.0	 3	    1.07019	    2.82859	 135.0	 1	    1.10000	    0.95000;
	28	 1	 0.00	 0.00	 0.0	 0.0	 1	    0.98368	   -1.72007	 135.0	 1	    1.05000	    0.95000;
	29	 1	 2.62	 0.90	 0.0	 0.0	 3	    1.05000	    1.58631	 135.0	 1	    1.05000	    0.95000;
	30	 1	 11.58	 1.90	 0.0	 0.0	 3	    1.03823	    0.69942	 135.0	 1	    1.05000	    0.95000;
];

%% generator data
%	bus	Pg	Qg	Qmax	Qmin	Vg	mBase	status	Pmax	Pmin	Pc1	Pc2	Qc1min	Qc1max	Qc2min	Qc2max	ramp_agc	ramp_10	ramp_30	ramp_q	apf
mpc.gen = [
	1	 42.805	 14.589	 250.0	 -170.4	 0.98519	 100.0	 1	 267	 0.0	 0.0	 0.0	 0.0	 0.0	 0.0	 0.0	 0.0	 0.0	 0.0	 0.0	 0.0; % NG
	2	 18.0	 -21.338	 159.6	 -159.6	 0.96926	 100.0	 1	 18	 0.0	 0.0	 0.0	 0.0	 0.0	 0.0	 0.0	 0.0	 0.0	 0.0	 0.0	 0.0; % NG
	22	 20.464	 28.485	 80.0	 -53.0	 1.01133	 100.0	 1	 106	 0.0	 0.0	 0.0	 0.0	 0.0	 0.0	 0.0	 0.0	 0.0	 0.0	 0.0	 0.0; % NG
	27	 51.04	 31.745	 109.0	 -109.0	 1.07019	 100.0	 1	 218	 0.0	 0.0	 0.0	 0.0	 0.0	 0.0	 0.0	 0.0	 0.0	 0.0	 0.0	 0.0; % NG
	23	 28.291	 13.023	 69.0	 -69.0	 1.04857	 100.0	 1	 137	 0.0	 0.0	 0.0	 0.0	 0.0	 0.0	 0.0	 0.0	 0.0	 0.0	 0.0	 0.0; % NG
	13	 49.256	 42.413	 60.0	 -52.0	 1.08322	 100.0	 1	 103	 0.0	 0.0	 0.0	 0.0	 0.0	 0.0	 0.0	 0.0	 0.0	 0.0	 0.0	 0.0; % NG
];

%% generator cost data
%	2	startup	shutdown	n	c(n-1)	...	c0
mpc.gencost = [
	2	 0.0	 0.0	 3	   0.000000	   0.940126	   0.000000; % NG
	2	 0.0	 0.0	 3	   0.000000	   0.851319	   0.000000; % NG
	2	 0.0	 0.0	 3	   0.000000	   1.243526	   0.000000; % NG
	2	 0.0	 0.0	 3	   0.000000	   1.281995	   0.000000; % NG
	2	 0.0	 0.0	 3	   0.000000	   1.094190	   0.000000; % NG
	2	 0.0	 0.0	 3	   0.000000	   1.051088	   0.000000; % NG
];

%% branch data
%	fbus	tbus	r	x	b	rateA	rateB	rateC	ratio	angle	status	angmin	angmax
